1688419.875115 -5065919.699389 -3357526.701170
1675098.649661 -5083988.895775 -3350009.712136
1730587.108719 -5011049.464736 -3367659.363493
1726837.553446 -4995937.733440 -3391694.446799
1484072.551840 -4798340.641734 -3800568.386362
1474245.114241 -4791086.481839 -3816914.715326
1556260.379363 -4878477.908064 -3663030.128565
1545122.781178 -4900095.750179 -3655377.422126
1563665.756032 -4890554.809395 -3647947.233306
1708784.754293 -5123543.029863 -3259802.202013
1616647.817061 -4873932.028432 -3615526.896865
1596231.659881 -4883464.287983 -3626519.803923
1658672.581180 -4992323.409890 -3480929.912624
1693228.990650 -5077787.272846 -3336974.276307
1712099.383317 -5068343.752374 -3324376.303379
1702919.674853 -4904052.715412 -3517921.594885
1660954.041201 -4927162.944560 -3541658.062176
1682030.263906 -4915421.691177 -3530642.151025
1427573.046549 -4730618.051126 -3921292.259746
1421582.930143 -4717416.945800 -3939859.465021
1718015.456412 -5030564.954853 -3362335.640589
1569154.891284 -4838128.597892 -3682155.840446
1589574.277100 -4830214.127035 -3669839.571372
1575677.877284 -4817751.262723 -3692147.243641
1544563.740794 -4774390.719739 -3760978.250572
1654208.871277 -4873388.979357 -3583170.633472
1734445.368374 -5153067.931646 -3182963.705736
1830331.079955 -5177334.445335 -3042952.620801
1767709.042151 -5063533.751996 -3249811.181584
1808368.061441 -5157381.615525 -3089961.095826
1801002.370876 -5175380.181008 -3079649.810602
1735637.333479 -4960262.852683 -3421811.884487
1722596.858023 -4981044.478187 -3415338.960474
1513263.950166 -4804044.621132 -3766087.738290
1504536.859317 -4788246.953849 -3789888.734416
1491837.588954 -4809501.527904 -3782327.029130
1800385.621037 -5129841.248938 -3125505.027992
1691963.453978 -5128502.073785 -3273708.933188
1699984.214830 -5034587.893760 -3381573.362671
1695630.532747 -5021160.166215 -3403051.507475
1620283.974030 -4853116.841877 -3625930.636272
1636795.303356 -4863627.412035 -3604367.760341
1363451.475521 -4723250.764594 -3973560.240137
1389120.238879 -4713810.944567 -3966754.862698
1704792.720687 -5060748.441087 -3343500.305556
1789420.605496 -5118701.437245 -3149969.983229
1784218.273199 -5137026.344772 -3136431.783146
1535726.775266 -4759026.358658 -3783999.579897
1708171.124677 -5110546.844318 -3277367.263736
1533794.567161 -4795770.276260 -3752594.162069
1744974.936716 -5054061.504355 -3293988.247541
1728400.957273 -5059667.160638 -3311827.347507
1733841.411285 -5073011.404481 -3287774.998434
1738732.844223 -5086103.386867 -3264705.434728
1750597.349040 -5067610.894633 -3269762.242895
1683538.124999 -4949665.984934 -3499288.255436
1693808.606059 -4927122.509565 -3508487.661054
1673394.339424 -4938107.607228 -3520823.695518
1704335.097647 -4987405.662999 -3431709.205034
1761894.341956 -5049560.358693 -3274616.075001
1777693.116188 -5154661.341982 -3126052.085632
1633405.168236 -4885332.528901 -3593855.726293
1789416.058670 -5165454.335310 -3102344.974249
1578732.615673 -4872670.093589 -3648622.177138
1515503.493653 -4766030.067383 -3799079.395568
1527781.052518 -4743189.216806 -3807030.667261
1791693.235710 -5270072.352013 -2974427.669415
1809496.122395 -5263499.936952 -2962635.191228
1802143.517751 -5254480.857036 -2983188.329933
1709341.762219 -5001408.860604 -3408913.748979
1864266.100851 -5194625.603038 -2977552.295378
1599793.134166 -4862776.163097 -3637581.274644
1722897.154974 -5168579.700249 -3178480.401034
1711026.561649 -5184316.520649 -3172700.334088
1671823.555225 -4971466.703903 -3490110.078320
1448807.412922 -4723513.732401 -3909445.258107
1650303.192757 -4895375.991292 -3573115.861958
1744301.062651 -5097614.899424 -3242069.820554
1717351.624817 -4966638.744718 -3438839.661769
1467741.992166 -4762489.450638 -3851445.190000
1445572.658373 -4770249.629776 -3863877.137046
1439455.488702 -4757510.773167 -3882623.905407
1461804.464726 -4748954.603162 -3870754.667380
1467276.086143 -4651040.622744 -3959943.977287
1679180.827549 -4982934.067002 -3468674.623969
1665614.539045 -5003317.162676 -3460317.230654
1759267.568821 -5161186.706880 -3140809.229270
1488859.926376 -4642829.637884 -3943712.786666
1848317.745265 -5171004.876802 -3028179.516838
1839205.893588 -5188230.374196 -3018520.689493
1856319.796786 -5182872.715603 -3002889.975216
1650727.830032 -4981579.129573 -3500970.150502
1729872.302610 -4945414.165900 -3446137.206856
1710945.407707 -4952845.298186 -3462279.526800
1667423.486806 -4904906.592543 -3551995.288033
1721596.031913 -5046512.744930 -3337761.474626
1756030.818489 -5035482.263545 -3299350.809982
1689050.391209 -4892471.316686 -3540660.082560
1754212.558014 -5121357.375171 -3195752.691321
1680921.093875 -5040649.108798 -3397348.891263
1555975.156327 -4824687.753668 -3704966.639058
1506167.263556 -4859325.144776 -3721539.918904
1513886.435281 -4870910.961082 -3704547.821022
1526402.118792 -4849620.968533 -3711434.562496
1794190.194566 -5246118.117273 -3003837.806784
1804142.494806 -5229484.371059 -3013220.624937
1535514.889054 -4889585.221698 -3671314.775009
1744715.516115 -5137593.610552 -3188446.083563
1759799.066970 -5133161.461208 -3172417.248363
1671702.447005 -5014880.627944 -3439319.517347
1676874.039713 -5027308.746833 -3418244.872886
1690916.472506 -5007655.645513 -3424894.717745
1795748.242125 -5147602.365202 -3112973.921583
1717213.593600 -5079983.534622 -3303085.196036
1591118.014679 -4904787.859601 -3615631.477846
1581935.796340 -4925984.922704 -3606414.390999
1570009.998428 -4916857.699662 -3622682.507155
1732656.629878 -5212654.146664 -3111803.827614
1461256.755234 -4687940.398952 -3933216.881005
1703206.872688 -4939689.211265 -3485595.453923
1691730.328711 -4961664.310499 -3477064.681229
1821671.593973 -5222030.385608 -3000029.429476
1438366.011659 -4695985.367883 -3947165.475320
1557036.451792 -4909471.286858 -3638591.974519
1544644.771831 -4809959.670245 -3728692.543513
1769016.916130 -5221240.352628 -3063847.337894
1855830.780784 -5210986.210829 -2968227.004467
1872538.090076 -5206110.989663 -2952194.169494
1820093.422767 -5167091.516384 -3066849.535501
1827677.201738 -5148962.748868 -3077859.627443
1509208.522796 -4693144.678234 -3875838.442148
1450788.835520 -4783624.408474 -3845436.351165
1749980.146901 -5230387.379786 -3072204.566100
1750162.157572 -5205582.994960 -3101638.883372
1740960.326609 -5222001.341309 -3091605.971526
1759064.187036 -5214270.701281 -3082350.397110
1453781.746509 -4673863.565621 -3953784.181034
1514999.927742 -4710075.537684 -3852973.501102
1821841.904138 -5194916.668742 -3032824.057599
1813282.577389 -5212326.963108 -3022885.291140
1830533.303006 -5205326.537135 -3008894.179456
1604077.648061 -4914793.119608 -3598261.299849
1694363.386097 -5140681.484186 -3254390.680277
1709692.437521 -5137370.654500 -3239892.419016
1494657.864211 -4880540.637298 -3711941.056562
1507176.264100 -4827690.748427 -3749910.829843
1495936.591203 -4822215.796905 -3766105.687768
1486221.580225 -4841505.270267 -3756267.918322
1476891.003978 -4831510.639654 -3774332.314540
1727751.662721 -5178695.543034 -3159212.918260
1743706.671549 -5173512.434939 -3145674.947437
1740382.183991 -5163062.781762 -3162270.649790
1520880.273995 -4726855.151614 -3830039.798848
1703972.162224 -5047582.207588 -3360717.748190
1536618.183300 -4920064.987407 -3645346.341877
1685450.821631 -4994899.238300 -3446838.894017
1837712.088099 -5241851.130632 -2954761.397546
1847685.584844 -5227244.284544 -2959237.582109
1525393.417074 -4816724.879254 -3741817.205089
1786146.460794 -5237889.800616 -3024180.359530
1775603.334845 -5254635.043872 -3013911.492226
1536644.721155 -4830502.137392 -3718303.557300
1516905.774893 -4838178.655864 -3730587.799460
1699267.191672 -5087724.445426 -3317143.528615
1680061.648697 -5095218.430150 -3330229.567251
1750400.817088 -5109019.095516 -3217975.352285
1735371.566351 -5114205.401460 -3233972.988113
1739897.710493 -5125938.427746 -3211279.600516
1482815.616084 -4740637.388524 -3858038.071443
1502050.093050 -4733287.685708 -3844711.673082
1829901.848646 -5231877.902048 -2977113.053896
1847483.472273 -5199546.671309 -2993620.861447
1839018.527434 -5216073.600890 -2984466.072616
1826377.072395 -5257787.238604 -2949670.479907
1444743.451636 -4709325.192005 -3927965.456767
1467007.056138 -4702115.891192 -3913171.085029
1476689.857410 -4726284.686772 -3878605.703513
1604765.305888 -4841835.358233 -3647847.956124
1713700.737018 -4917156.509852 -3494315.746568
1532025.948357 -4862435.307997 -3695789.949882
1524028.477706 -4881339.908292 -3687271.133189
1544726.257656 -4868253.225376 -3680371.648353
1454588.189616 -4797637.542231 -3827730.345968
1473062.251752 -4776413.025672 -3832536.166306
1725265.711690 -5132099.830240 -3225043.212417
1563846.481609 -4804086.199857 -3714913.245402
1777681.154370 -5203316.242485 -3075319.170249
1787061.206642 -5211722.052486 -3055388.377050
1794231.542220 -5193109.266233 -3068303.307228
1739020.063242 -5040469.641450 -3318955.525916
1750561.924446 -5021139.256938 -3324023.885089
1476069.894003 -4666245.871353 -3938141.103093
1628276.632083 -4907746.172708 -3583689.431845
1626926.704424 -4930634.637342 -3568258.047170
1646074.517458 -4916950.103274 -3562341.062703
1698541.289826 -4974178.430578 -3454446.232390
1753631.710671 -5179119.541202 -3127707.682709
1605133.307633 -4945160.179504 -3573475.427462
1766884.281796 -5198565.316657 -3092078.330630
1704074.264682 -5098934.100127 -3297166.794460
1721913.410305 -5092414.325800 -3281331.663471
1777452.480118 -5091781.389018 -3199979.185708
1672020.126809 -4882731.790904 -3562122.827169
1612589.942822 -4894914.835646 -3605264.019230
1468134.039298 -4717190.686739 -3896630.977976
1718063.894532 -5193953.090098 -3151697.701809
1725220.603697 -5203667.456238 -3131151.118106
1735024.518565 -5188098.970078 -3138840.891363
1584226.457279 -4851004.122049 -3659350.410820
1721453.422064 -5121883.623016 -3244528.842115
1488809.708355 -4756456.507844 -3836401.430750
1508121.915764 -4750357.441309 -3821696.539778
1494472.666491 -4774017.272555 -3813696.973427
1592318.693748 -4936298.710534 -3590380.410083
1777917.218047 -5229501.573542 -3044215.145689
1795860.634768 -5220586.370574 -3034535.228630
1804364.227294 -5202704.401039 -3045571.838535
1726248.838164 -5105185.677011 -3259228.818402
1765918.085426 -5105417.209994 -3199231.933105
1684957.443750 -5053282.663712 -3377208.748234
1640295.953395 -4939453.365847 -3550077.118608
1838978.754536 -5159578.101851 -3053252.716563
1430644.236628 -4682832.349602 -3966372.290305
1406268.729148 -4692391.318732 -3976251.494451
1564042.445149 -4858456.058252 -3671377.507927
1454554.983666 -4737163.424425 -3889780.862794
1433405.170011 -4744154.243966 -3902035.496710
1414334.851509 -4704773.263277 -3958185.952438
1636958.691843 -5002052.169164 -3491065.957124
1524359.016240 -4781335.205000 -3775640.812810
1751270.268937 -5148936.202123 -3164925.261666
1767787.414363 -5143859.496298 -3149274.455995
1548502.020235 -4929031.562879 -3628768.626462
1784039.055339 -5262111.330755 -2994074.136624
1514575.247090 -4901226.748632 -3678043.476459
1525237.223312 -4910590.578090 -3661953.958161
1689208.867033 -5116912.390089 -3292081.276697
1722599.644300 -4931010.817434 -3470334.824455
1488187.080425 -4700335.505311 -3892296.311379
1560122.903997 -4937711.966268 -3612597.600153
1781806.019914 -5183857.969893 -3091905.273117
1771246.824110 -5171679.132948 -3115977.830559
1503367.917468 -4676108.308223 -3898632.682856
1483179.868833 -4682193.248663 -3915662.779189
1497064.413934 -4659140.365071 -3921307.184940
1743460.691539 -5195975.724164 -3119956.838438
1819912.026979 -5247686.717942 -2970227.265213
1729396.024433 -5142698.506022 -3204266.910143
1746246.935121 -5006286.372357 -3348605.603816
1742999.850809 -4990973.981778 -3373065.559280
1812181.714886 -5238435.584290 -2991664.066478
1768036.676854 -5117603.601798 -3180175.134480
1772994.314079 -5077572.353112 -3224932.889687
1759578.682761 -5238078.781763 -3052931.787090
1734228.192010 -5026375.479844 -3343286.235693
1495914.086579 -4716373.461824 -3867961.741924
1662032.118187 -5046230.580380 -3411643.186362
1417498.381423 -4763955.428860 -3893907.087356
1782335.535676 -5105720.698047 -3174954.768747
1717876.848273 -5158638.121010 -3198783.835441
1812253.002025 -5184898.609251 -3056362.779567
1767656.586294 -5246727.529102 -3033281.147081
1548287.796141 -4845886.464430 -3694725.011456
1739808.596128 -4975523.820090 -3397450.485497
1553760.296763 -4789485.019754 -3737927.656460
1775419.268653 -5125941.317847 -3159595.165957
1485668.386232 -4870244.586676 -3728768.091912
1496875.904782 -4849381.013183 -3739161.311235
1864478.000488 -5222638.149014 -2942473.713360
1662998.328591 -4960293.494435 -3510882.362975
1652460.378564 -4949505.817185 -3530858.735801
1641537.127778 -4971040.538205 -3520381.776725
1612302.050549 -4926342.646292 -3583248.306266
1469410.693575 -4820595.507442 -3791753.371220
1761200.631592 -5093055.114777 -3222638.913333
1713808.912536 -5015825.716341 -3385930.073941
1630906.882054 -4961018.543720 -3539113.543392
1618835.426636 -4952090.032118 -3556949.023112
1814067.100713 -5139446.392574 -3101724.131709
1465447.278440 -4852085.385654 -3762953.074801
1475629.725322 -4861310.163228 -3745546.773184
1697077.409661 -5152871.930280 -3233960.525653
1708168.624603 -5209080.642937 -3143213.129573
1762104.263827 -5188138.042957 -3108558.372325
1577628.675129 -4895403.455775 -3633130.966728
1460589.557139 -4810932.474552 -3809045.421303
1723667.028954 -5228302.593040 -3101594.441471
1641443.866343 -5052050.308130 -3425149.318053
1636205.643228 -5041554.982126 -3443551.749435
1657243.295013 -5034070.265902 -3431883.939599
1651379.095876 -5022850.606269 -3451925.271988
1680415.987731 -5156488.737703 -3247585.986825
1677090.390931 -5145077.714118 -3267265.773095
1344487.483243 -4745217.778364 -3962220.386859
1371361.214757 -4734863.185784 -3956746.831922
1433201.219554 -4884131.209233 -3753231.389276
1421812.210655 -4876458.275021 -3769120.742302
1710954.640633 -5272057.578076 -3054277.761216
1692226.903795 -5282110.855206 -3060342.048673
1698086.000423 -5289370.179390 -3044880.164988
1704443.834955 -5296425.085432 -3029522.974553
1717055.403556 -5278869.193284 -3039200.839646
1799155.972286 -5278292.214692 -2954961.413124
1781011.101165 -5285405.441260 -2965171.963627
1413341.377943 -4866681.871480 -3785190.470395
1765876.408552 -5270655.586712 -3002473.319996
1755802.565076 -5287333.982798 -2989584.398661
1748535.316124 -5281234.578410 -3005873.837346
1548890.566897 -4958036.323241 -3601624.476777
1560240.462794 -4966606.727538 -3585220.441732
1713527.270042 -5148232.384239 -3219426.801411
1412517.345826 -4897709.643883 -3752497.643450
1390616.218925 -4911783.693759 -3753530.865408
1399752.513401 -4919546.336926 -3740000.540696
1613600.126649 -5156328.164646 -3307840.749948
1631442.168517 -5141471.263417 -3312854.939723
1608958.813593 -5148012.367802 -3323172.458880
1376467.304770 -4858023.953756 -3817963.248281
1354063.197137 -4868395.598108 -3823728.627047
1360733.572822 -4877546.066078 -3809640.261945
1504142.750065 -4891297.376618 -3694776.894742
1311746.998311 -4740887.512271 -3984536.475015
1484028.783349 -4900564.686790 -3701069.332696
1321885.825349 -4797761.005180 -3922881.092229
1346411.524503 -4785208.515528 -3917957.390243
1329803.211313 -4806759.278823 -3909377.748858
1459919.186652 -4936139.536465 -3680985.801928
1464825.781131 -4945833.261896 -3667557.098880
1447762.332156 -4956291.080824 -3673005.643529
1634350.072389 -5198312.309434 -3230708.190085
1650434.437861 -5183898.551407 -3236334.793607
1630254.228740 -5189975.871826 -3246183.348986
1646681.311776 -5175037.914357 -3252554.033649
1626302.934527 -5181557.211654 -3261651.689293
1670554.775581 -5072011.365107 -3370129.178929
1303165.542345 -4781084.289985 -3948902.503658
1295324.323937 -4772015.339931 -3962484.214306
1319067.293580 -4762086.706880 -3958122.389123
1474268.155992 -4890579.656086 -3717694.111821
1463030.332966 -4909925.918037 -3706230.242516
1352952.876127 -4795269.494185 -3902726.301420
1357664.862953 -4805994.315578 -3887692.759564
1335233.953810 -4816715.954010 -3895241.109515
1377145.849785 -4787861.676294 -3895914.687169
1371031.570587 -4776626.555594 -3912472.834366
1660709.424655 -5101681.572401 -3341965.990016
1493820.657735 -4911269.486146 -3684045.473068
1473170.496035 -4919474.165708 -3689899.853876
1741056.109861 -5246279.776224 -3060958.272951
1731070.059816 -5238603.198877 -3080768.881760
1495131.281705 -4939880.237540 -3655362.081049
1504311.906575 -4921078.221402 -3667574.430073
1515935.549955 -4930171.051264 -3651045.019646
1475612.115293 -4950841.765769 -3655824.401113
1363651.242122 -4765775.122699 -3929075.289417
1338476.182212 -4775928.379784 -3932816.473958
1681266.731933 -5267408.736247 -3091457.422794
1693599.450286 -5250973.931595 -3099644.296427
1675745.701673 -5260113.784157 -3107024.660728
1670025.664181 -5252882.559606 -3122548.460560
1686902.156803 -5244754.021605 -3114545.644084
1751304.192445 -5309390.437262 -2962038.615185
1734239.499227 -5321575.389457 -2968806.954987
1529024.733703 -4996574.066286 -3573079.346641
1526616.644945 -5022723.593536 -3547375.729486
1539367.187010 -5003247.533560 -3558744.554619
1516599.570941 -5016378.828832 -3561021.225579
1561772.786914 -5062577.718513 -3474717.668000
1576034.116531 -5045703.636534 -3484394.803990
1555772.077698 -5054135.990280 -3489500.617937
1574035.007727 -5035699.454704 -3498242.347095
1380246.808824 -4745974.079931 -3939531.214884
1404569.470168 -4737993.063678 -3931365.952136
1387983.079516 -4757659.322533 -3921966.842147
1526748.624102 -4967368.796076 -3607000.513572
1538344.705132 -4948562.023265 -3618167.784019
1756354.350879 -5263936.720335 -3022013.741591
1338670.864209 -4732079.676416 -3979143.580643
1317353.836104 -4751005.528123 -3970879.470675
1359375.873626 -4817710.517393 -3873352.961216
1605308.084191 -5087052.996470 -3408686.954508
1587936.029157 -5104949.262579 -3399616.519366
1749444.561356 -5254478.680312 -3041886.462096
1644680.953360 -5118038.539672 -3334679.717370
1484705.921179 -4959235.022819 -3641498.098802
1464306.840313 -4972027.007835 -3644931.110269
1482690.707217 -4930917.612221 -3672268.147739
1439029.513071 -4817786.475972 -3819116.151293
1773690.902590 -5277940.880780 -2983620.709326
1762877.242664 -5293893.612488 -2972661.274882
1650817.222669 -5193036.271537 -3222345.918347
1585201.347391 -5050967.499779 -3471729.201917
1567970.532786 -5070850.989401 -3459924.919165
1591335.457459 -5059486.582359 -3456436.694853
1549549.090520 -5010463.330172 -3543842.701894
1535725.034158 -5029631.788330 -3533383.600834
1454523.430626 -4872434.787401 -3750330.242107
1614283.056300 -5011702.622384 -3499173.975989
1598127.312924 -5031144.469740 -3487922.421316
1621995.641408 -5021745.544150 -3480995.150555
1739381.396434 -5278349.516589 -3019130.634582
1614140.271036 -5049999.217783 -3451920.978633
1607404.336003 -5040356.403765 -3469620.438416
1629813.188855 -5031418.856019 -3462247.042405
1664937.837152 -5060232.726209 -3391004.788425
1645262.781934 -5062867.507405 -3407532.960787
1511938.537254 -4984161.077971 -3597939.549779
1496971.186586 -5003313.384888 -3588425.159475
1517011.437592 -4993064.859286 -3584628.090327
1574048.830358 -5079058.973537 -3445054.433618
1597002.517868 -5068330.426836 -3440599.000281
1570978.299240 -4947017.481479 -3596435.261648
1450731.048722 -4928016.429852 -3695389.414387
1456036.975544 -4964128.499916 -3658975.722212
1675315.558063 -5191790.182056 -3201523.098901
1657475.186996 -5198554.101102 -3208442.507536
1669317.573938 -5182565.603006 -3221042.313892
1726379.318876 -5315742.736179 -2983965.173982
1736906.659882 -5297624.239551 -2993699.989005
1718687.990394 -5309636.381694 -2999096.226470
1579482.134695 -5087430.724515 -3430023.162135
1601809.590103 -5077454.791662 -3424614.532079
1584026.376780 -5096090.968488 -3414850.558669
1536720.777114 -4977547.654792 -3589572.305039
1401354.186939 -4846113.358005 -3815230.026481
1415512.827901 -4824460.240113 -3829093.546540
1423381.148426 -4835787.007168 -3811312.056060
1631934.946650 -5150904.622904 -3299089.926268
1618082.509446 -5164685.104010 -3292484.477811
1622308.346170 -5173106.144017 -3277090.834765
1638927.927450 -5156943.775336 -3285090.012796
1388374.106768 -4818428.409474 -3854212.811141
1433136.115026 -4804453.376038 -3837853.111320
1658619.600174 -5238180.284436 -3153489.205564
1671598.927791 -5221934.779821 -3161378.689556
1653272.722730 -5230522.909797 -3168936.201480
1665395.007251 -5215190.275992 -3176787.114132
1697787.110756 -5231801.497352 -3123046.255159
1681079.045916 -5237373.292452 -3130435.390773
1695897.845005 -5222887.987813 -3137267.681500
1428138.363419 -4790718.169276 -3856521.119646
1422755.886102 -4777669.698571 -3874891.202482
1397056.128672 -4725753.667606 -3949291.224696
1728912.381505 -5292701.519738 -3008478.645163
1406005.056089 -4856691.513493 -3800736.014322
1383587.785495 -4866128.947718 -3804620.922654
1390323.997032 -4875260.586821 -3790458.123279
1330171.499507 -4767229.862622 -3946834.318656
1652456.441790 -5139888.236187 -3298016.040475
1669322.638945 -5123310.969859 -3304811.946206
1649264.397395 -5128240.901878 -3316831.615527
1662442.856704 -5160622.622294 -3259747.924823
1683721.991127 -5168012.717465 -3227319.143972
1608479.094897 -4972222.359646 -3546012.930697
1619403.927610 -4981515.522874 -3528314.955325
1411311.884591 -4810088.879470 -3847753.240867
1404312.450722 -4797465.616687 -3866615.288098
1380414.340881 -4811790.238667 -3866863.102492
1392669.356792 -4828773.494894 -3839935.507776
1355165.303275 -4755192.108777 -3945552.982046
1665315.697792 -5112317.484570 -3323409.423117
1627026.323888 -5132642.689150 -3328577.450890
1502976.709901 -4976267.963593 -3612193.086111
1480471.655409 -4987985.568896 -3616725.218584
1493863.628203 -4967832.523172 -3626846.887080
1472517.381963 -4979973.985867 -3630877.665189
1619674.209346 -5059693.967213 -3434590.226583
1712502.795816 -5243250.874648 -3092985.960375
1714668.901022 -5252146.954542 -3078758.803470
1744148.942542 -5303409.357510 -2978072.413942
1722049.937468 -5286257.119904 -3024118.393816
1591601.538809 -5019488.958763 -3506479.356820
1705577.904390 -5174362.340145 -3192899.923836
1693182.092969 -5190008.674721 -3185372.874554
1573116.760366 -5000805.587645 -3540094.663678
1558942.826215 -5018392.859713 -3528614.816899
1439201.801827 -4948607.601858 -3686879.060925
1464506.824285 -4881337.610956 -3733950.009994
1644485.485539 -5012326.738269 -3471768.828718
1685021.863217 -5105919.522143 -3310991.713191
1638701.511568 -5206540.102353 -3215243.946500
1643335.029411 -5214654.531550 -3199800.713283
1756046.757130 -5080512.172093 -3246160.023538
1440981.567956 -4920175.276371 -3709984.869728
1289549.555182 -4762130.176031 -3976512.338358
1431123.870671 -4912614.594413 -3724473.748990
1453008.686762 -4901119.667675 -3721976.522176
1527229.340951 -4939429.404558 -3634554.894538
1516340.199670 -4958290.954682 -3623175.404912
1697962.332188 -5258736.155280 -3084620.698088
1640074.449361 -5108182.458554 -3351973.043274
1604303.510619 -5139675.639555 -3338488.797462
1599758.549181 -5131249.674886 -3353789.651137
1622388.923648 -5123667.754240 -3344587.199512
1392385.561609 -4840590.211595 -3827161.583245
1664244.064117 -5245613.951274 -3138030.090796
1648199.491280 -5222660.714956 -3184371.984754
1676900.428270 -5229394.754096 -3145782.579349
1444370.424642 -4863723.274154 -3766752.361732
1435560.042166 -4854711.332521 -3782533.968911
1673094.648522 -5134107.995670 -3286464.074254
1688293.911156 -5178578.318980 -3206957.324652
1706328.892199 -5235951.056082 -3108986.175225
1714424.506972 -5219704.357571 -3122501.248492
1666225.858555 -5171211.751178 -3240760.162349
1628745.786220 -4991716.383511 -3509889.821705
1411323.479283 -4750762.902223 -3912870.915958
1656244.311189 -5091046.351008 -3360270.667950
1582938.577737 -4955910.299056 -3579823.520469
1443118.531211 -4892608.515203 -3737536.398411
1723507.879250 -5255831.998502 -3065365.861358
1701156.215623 -5199397.292391 -3163791.644048
1367749.316596 -4886412.941752 -3795551.662583
1660475.475581 -5207157.889717 -3193010.734991
1429898.806553 -4941209.770806 -3700451.334307
1312470.260006 -4789443.589002 -3935869.486469
1690350.151634 -5214720.150647 -3154063.837685
1595991.597267 -4964091.929376 -3562933.411193
1596520.546706 -4991383.313006 -3534843.713468
1400609.339856 -4782769.815377 -3885576.447491
1394816.661892 -4769839.244472 -3903972.268261
1711336.949528 -5303194.843465 -3014268.991805
1701124.599270 -5163717.229097 -3213469.701780
1606256.842217 -5001033.064002 -3517367.729521
1421588.563283 -4905106.385782 -3738736.161403
1409651.658118 -4926920.108374 -3726780.280478
1550346.163036 -4984741.423960 -3572731.404360
1549837.570266 -5045628.164515 -3504274.670808
1567090.407042 -5026931.269899 -3513320.795400
1582980.567824 -5009693.194537 -3523614.649552
1625952.118850 -5080344.924165 -3401542.002995
1629787.659403 -5090321.524568 -3384809.779759
1635454.210547 -5098671.445774 -3368756.979408
1730477.780691 -5262693.963587 -3049416.802635
1686693.609590 -5274759.757288 -3075882.959468
1703918.515511 -5266060.723104 -3068940.884371
1613067.870216 -5105970.838264 -3376340.952946
1595519.499487 -5122643.396360 -3369078.119357
1617802.242410 -5114710.237366 -3360541.467825
1456079.505823 -4841921.339720 -3780748.460115
1585309.910296 -4982679.970994 -3551727.702461
1370826.740586 -4848451.750589 -3832067.391663
1381509.810942 -4799406.465508 -3880029.627143
1285394.997638 -4751690.704534 -3990684.769040
1374915.365595 -4895100.726293 -3781440.810028
1736823.834610 -5269876.201556 -3033463.214517
1644717.581141 -5074511.247490 -3392858.434210
1651798.797467 -5080896.723678 -3377827.411688
1348214.323158 -4858787.978054 -3837922.140212
1658424.893475 -5150038.128320 -3278522.721094
1562158.271341 -4992585.712168 -3556350.272731
1543390.217528 -5037337.462856 -3518961.857052
1367847.355450 -4837972.949836 -3845572.878380
1362654.104037 -4828820.628184 -3858905.658095
1623922.532804 -5069646.616821 -3417699.757536
1401888.766438 -4893427.655708 -3763646.609813
1343739.980779 -4848633.313100 -3852224.883724
1397742.256843 -4883906.795045 -3776535.196064
1382407.329419 -4903599.827892 -3767385.603664
1340782.271694 -4838022.546994 -3866566.688594
1338439.758019 -4827268.384897 -3880907.097618
1506473.638213 -5010079.420012 -3574611.513713
1425853.114797 -4848244.453941 -3796250.010803
1676657.873689 -5201642.439465 -3185981.023131
1445852.790781 -4831789.054974 -3799152.787504
1642866.425691 -5165885.946566 -3269041.940032
1488403.853135 -4995885.828417 -3602512.428864
1505892.414996 -4949180.242659 -3639148.267897
1573076.495204 -4974477.916210 -3568465.047929
1684408.019005 -5206752.819554 -3171080.299278
1608839.306130 -5096730.794122 -3392489.443242
1591647.610974 -5113846.008651 -3384355.776189
1419886.466480 -4934061.879475 -3713686.409513
