-7.156729099999999733e+01 -3.216022799999999648e+01 -3.328332699999999988e+01
-7.176371799999999723e+01 -3.203988799999999770e+01 -2.629781799999999947e+01
-7.094743099999999458e+01 -3.242500499999999874e+01 -6.034095299999999895e+01
-7.093237700000000245e+01 -3.268594499999999670e+01 -6.047828700000000168e+01
-7.281375300000000550e+01 -3.711453499999999650e+01 -4.251888799999999691e+01
-7.289656499999999539e+01 -3.728700700000000268e+01 -4.046460400000000135e+01
-7.230704099999999812e+01 -3.557761099999999743e+01 -4.502646200000000221e+01
-7.249863299999999811e+01 -3.542991800000000069e+01 -3.543683200000000255e+01
-7.226927000000000589e+01 -3.539320399999999722e+01 -4.257988399999999984e+01
-7.155562000000000467e+01 -3.111337500000000134e+01 -3.251770100000000241e+01
-7.164969200000000171e+01 -3.514890199999999965e+01 -6.080905400000000327e+01
-7.189926300000000481e+01 -3.521679699999999968e+01 -5.229386499999999671e+01
-7.162121000000000492e+01 -3.349226300000000123e+01 -3.296061999999999870e+01
-7.155862100000000225e+01 -3.194039400000000128e+01 -3.335817999999999728e+01
-7.133490100000000211e+01 -3.185733400000000159e+01 -4.251839700000000022e+01
-7.085057399999999461e+01 -3.412377500000000197e+01 -7.000001600000000224e+01
-7.137096099999999410e+01 -3.426042900000000202e+01 -4.981212800000000129e+01
-7.110933599999999899e+01 -3.419966500000000309e+01 -5.959647799999999762e+01
-7.320760099999999682e+01 -3.843448599999999971e+01 -3.281127899999999897e+01
-7.322993800000000419e+01 -3.864769900000000291e+01 -3.248089699999999880e+01
-7.114417299999999500e+01 -3.231386499999999984e+01 -5.105072899999999692e+01
-7.203051600000000576e+01 -3.590250799999999742e+01 -6.182751999999999981e+01
-7.178415099999999427e+01 -3.581768999999999892e+01 -7.000028899999999510e+01
-7.188931999999999789e+01 -3.606944000000000017e+01 -7.000013800000000685e+01
-7.207308100000000195e+01 -3.685137799999999686e+01 -6.999997600000000375e+01
-7.125088300000000174e+01 -3.484703400000000073e+01 -7.000016599999999301e+01
-7.139753899999999476e+01 -3.034522700000000128e+01 -4.070891199999999799e+01
-7.053008800000000633e+01 -2.899240599999999901e+01 -6.290598399999999657e+01
-7.075560900000000686e+01 -3.121349999999999980e+01 -6.999991799999999387e+01
-7.067745299999999986e+01 -2.948316600000000065e+01 -6.273274299999999926e+01
-7.081239899999999921e+01 -2.933602000000000132e+01 -5.511004599999999698e+01
-7.071463300000000629e+01 -3.306953800000000143e+01 -6.999999300000000346e+01
-7.092305600000000254e+01 -3.294367100000000192e+01 -6.065890699999999924e+01
-7.251568199999999820e+01 -3.678628700000000151e+01 -5.194368300000000005e+01
-7.255652299999999855e+01 -3.705644099999999952e+01 -5.178727700000000311e+01
-7.276686800000000233e+01 -3.691105999999999909e+01 -4.315258299999999991e+01
-7.066080300000000136e+01 -2.989460800000000162e+01 -6.999997600000000375e+01
-7.174156600000000594e+01 -3.122415900000000022e+01 -2.582430700000000101e+01
-7.134217800000000409e+01 -3.247143200000000007e+01 -4.242397100000000165e+01
-7.134033100000000616e+01 -3.270521200000000306e+01 -4.274850599999999901e+01
-7.153765900000000499e+01 -3.532447200000000009e+01 -7.000038100000000441e+01
-7.139995899999999551e+01 -3.508336200000000105e+01 -7.000028500000000520e+01
-7.389826200000000256e+01 -3.894770499999999913e+01 -1.982299799999999834e+01
-7.358020000000000493e+01 -3.891038000000000352e+01 -2.555759300000000067e+01
-7.138309200000000487e+01 -3.205080099999999987e+01 -4.048515600000000347e+01
-7.073114599999999541e+01 -3.015277700000000038e+01 -6.999996799999999553e+01
-7.084660200000000430e+01 -2.997445000000000093e+01 -6.328713299999999720e+01
-7.211522999999999683e+01 -3.711469000000000307e+01 -6.999996600000000058e+01
-7.151808900000000335e+01 -3.130877299999999863e+01 -3.412487699999999791e+01
-7.226456100000000049e+01 -3.669684000000000168e+01 -6.135819000000000045e+01
-7.095215600000000222e+01 -3.163577000000000083e+01 -6.096546200000000226e+01
-7.113964400000000410e+01 -3.177452500000000057e+01 -5.165965099999999666e+01
-7.113072400000000073e+01 -3.151921799999999863e+01 -5.203226399999999785e+01
-7.112651900000000182e+01 -3.127350699999999861e+01 -5.212560599999999766e+01
-7.094261699999999848e+01 -3.137751000000000090e+01 -6.114200900000000161e+01
-7.121520499999999743e+01 -3.379508500000000026e+01 -4.985445399999999694e+01
-7.102844600000000241e+01 -3.395618600000000242e+01 -5.967772800000000188e+01
-7.127983700000000056e+01 -3.403003199999999850e+01 -4.962854000000000099e+01
-7.113327700000000675e+01 -3.306843400000000344e+01 -5.167559700000000333e+01
-7.076508099999999502e+01 -3.147886600000000001e+01 -6.999992600000000209e+01
-7.097217200000000048e+01 -2.982630199999999832e+01 -5.586451999999999884e+01
-7.151270200000000443e+01 -3.490265000000000128e+01 -6.005378600000000233e+01
-7.089289800000000241e+01 -2.957521500000000003e+01 -5.542344200000000143e+01
-7.204780900000000088e+01 -3.546369500000000130e+01 -5.229947399999999647e+01
-7.236036300000000665e+01 -3.722163799999999867e+01 -6.049065000000000225e+01
-7.214625200000000405e+01 -3.737903399999999721e+01 -6.999996899999999300e+01
-7.122324700000000064e+01 -2.811837099999999978e+01 -2.981570500000000123e+01
-7.102795700000000068e+01 -2.802582900000000166e+01 -3.577081499999999892e+01
-7.106943099999999447e+01 -2.823731000000000080e+01 -3.570833799999999769e+01
-7.113100599999999929e+01 -3.282049299999999903e+01 -5.159360499999999661e+01
-7.025776799999999866e+01 -2.834717500000000001e+01 -7.000000599999999906e+01
-7.178943499999999744e+01 -3.539683600000000041e+01 -6.103761000000000081e+01
-7.156467899999999815e+01 -3.025941399999999959e+01 -3.343879299999999688e+01
-7.173509599999999864e+01 -3.016290199999999899e+01 -2.666891199999999884e+01
-7.141304300000000183e+01 -3.364023699999999906e+01 -4.089336999999999733e+01
-7.294805100000000664e+01 -3.835357499999999931e+01 -4.065182500000000232e+01
-7.137028200000000311e+01 -3.466973500000000286e+01 -5.964953299999999814e+01
-7.111008699999999294e+01 -3.103717699999999979e+01 -5.297323599999999999e+01
-7.092576900000000251e+01 -3.319964600000000132e+01 -6.068032300000000134e+01
-7.287133099999999786e+01 -3.769809599999999961e+01 -4.265082100000000054e+01
-7.314113399999999388e+01 -3.778222800000000348e+01 -3.429655300000000295e+01
-7.316603000000000634e+01 -3.799454599999999971e+01 -3.380496200000000329e+01
-7.289079399999999964e+01 -3.791875399999999985e+01 -4.241414199999999823e+01
-7.249093999999999482e+01 -3.907535399999999726e+01 -5.878428499999999701e+01
-7.137688500000000147e+01 -3.341132999999999953e+01 -4.171561100000000266e+01
-7.158729399999999998e+01 -3.327282900000000154e+01 -3.376211299999999937e+01
-7.117755699999999308e+01 -2.994198000000000093e+01 -4.834132400000000018e+01
-7.222002299999999764e+01 -3.896761300000000006e+01 -6.999996199999999646e+01
-7.033114000000000487e+01 -2.887407599999999874e+01 -6.999999099999999430e+01
-7.048079699999999548e+01 -2.873883100000000113e+01 -6.311182900000000018e+01
-7.029429100000000119e+01 -2.861054599999999937e+01 -7.000000199999999495e+01
-7.166653900000000021e+01 -3.370770100000000014e+01 -3.244826499999999925e+01
-7.072051000000000442e+01 -3.333515299999999826e+01 -6.999999200000000599e+01
-7.094268300000000238e+01 -3.345415299999999803e+01 -6.044347499999999940e+01
-7.122453000000000145e+01 -3.443596200000000351e+01 -5.967209199999999925e+01
-7.116314699999999505e+01 -3.204558699999999760e+01 -5.038512999999999664e+01
-7.077473200000000020e+01 -3.174423300000000125e+01 -6.999994999999999834e+01
-7.095355399999999690e+01 -3.437511099999999686e+01 -7.000002999999999531e+01
-7.109218900000000474e+01 -3.055481699999999989e+01 -5.463393299999999897e+01
-7.155784199999999373e+01 -3.259389600000000087e+01 -3.420853000000000321e+01
-7.212534499999999582e+01 -3.616124700000000303e+01 -6.203126300000000271e+01
-7.277896800000000610e+01 -3.618628400000000056e+01 -3.771196499999999929e+01
-7.273467700000000491e+01 -3.598998399999999975e+01 -3.692986299999999744e+01
-7.252877700000000516e+01 -3.612940400000000096e+01 -4.628209700000000026e+01
-7.111913800000000663e+01 -2.844769499999999951e+01 -3.513643299999999670e+01
-7.096585600000000227e+01 -2.857688299999999870e+01 -4.164007500000000306e+01
-7.256573699999999860e+01 -3.561595799999999912e+01 -3.668387599999999793e+01
-7.124262500000000387e+01 -3.044059800000000138e+01 -4.774259500000000145e+01
-7.107677400000000034e+01 -3.031150900000000092e+01 -5.526451899999999995e+01
-7.156427399999999750e+01 -3.304906299999999675e+01 -3.445296299999999690e+01
-7.155372300000000507e+01 -3.282204699999999775e+01 -3.464306500000000000e+01
-7.134190900000000113e+01 -3.294272899999999993e+01 -4.292748499999999723e+01
-7.076860299999999881e+01 -2.972617100000000079e+01 -6.301238500000000187e+01
-7.132293300000000613e+01 -3.163200700000000154e+01 -4.295053599999999960e+01
-7.202688600000000463e+01 -3.503779800000000222e+01 -4.327092799999999784e+01
-7.219604499999999803e+01 -3.487873199999999940e+01 -3.433106300000000033e+01
-7.229111100000000079e+01 -3.506405500000000330e+01 -3.510992900000000105e+01
-7.161348599999999465e+01 -2.953137500000000060e+01 -2.774526799999999938e+01
-7.268745699999999488e+01 -3.869461499999999887e+01 -4.955727799999999661e+01
-7.097578599999999938e+01 -3.370684099999999717e+01 -6.001131800000000283e+01
-7.117266399999999749e+01 -3.355594599999999872e+01 -5.052759900000000215e+01
-7.076900399999999536e+01 -2.847704399999999936e+01 -4.907936099999999868e+01
-7.297033299999999656e+01 -3.878833300000000150e+01 -4.010398099999999744e+01
-7.240360099999999477e+01 -3.523964600000000047e+01 -3.492179000000000144e+01
-7.219637500000000330e+01 -3.643022100000000307e+01 -6.208388500000000221e+01
-7.128302200000000255e+01 -2.906405699999999825e+01 -3.402511700000000161e+01
-7.039724800000000471e+01 -2.821781299999999959e+01 -6.335261200000000059e+01
-7.021731699999999421e+01 -2.808424400000000176e+01 -7.000000400000000411e+01
-7.059533100000000161e+01 -2.924095600000000061e+01 -6.269283300000000025e+01
-7.045715900000000431e+01 -2.939373099999999894e+01 -6.999998200000000281e+01
-7.217339099999999519e+01 -3.817441999999999780e+01 -7.000000300000000664e+01
-7.312837600000000293e+01 -3.757015599999999722e+01 -3.423922600000000216e+01
-7.150081799999999532e+01 -2.911891400000000019e+01 -2.769472000000000023e+01
-7.141690900000000397e+01 -2.945620800000000017e+01 -3.375609699999999691e+01
-7.156215600000000165e+01 -2.932048199999999838e+01 -2.765949399999999869e+01
-7.135788100000000611e+01 -2.925417300000000154e+01 -3.355917699999999826e+01
-7.272195700000000329e+01 -3.892995299999999759e+01 -4.887068299999999965e+01
-7.216956700000000069e+01 -3.790915900000000249e+01 -6.999998800000000188e+01
-7.067438199999999426e+01 -2.885082699999999889e+01 -5.575625900000000001e+01
-7.081805699999999604e+01 -2.871174600000000154e+01 -4.860923300000000324e+01
-7.062498999999999683e+01 -2.860387499999999861e+01 -5.611967400000000339e+01
-7.192448500000000422e+01 -3.483780200000000349e+01 -4.213177699999999959e+01
-7.175783300000000509e+01 -3.101636099999999985e+01 -2.526313800000000143e+01
-7.159280400000000100e+01 -3.089568699999999879e+01 -3.128302100000000152e+01
-7.297287500000000193e+01 -3.602544300000000277e+01 -2.972552900000000164e+01
-7.266194799999999532e+01 -3.655535600000000329e+01 -4.496875099999999748e+01
-7.276518599999999992e+01 -3.672010600000000125e+01 -4.217919499999999999e+01
-7.293481699999999535e+01 -3.656387500000000301e+01 -3.555976600000000332e+01
-7.300271200000000249e+01 -3.676221000000000316e+01 -3.463127300000000020e+01
-7.154991900000000271e+01 -3.005728200000000072e+01 -3.349339299999999753e+01
-7.137386600000000669e+01 -2.995000999999999891e+01 -4.012587400000000315e+01
-7.137189800000000162e+01 -3.013057699999999883e+01 -4.130928600000000017e+01
-7.216425999999999874e+01 -3.764405899999999860e+01 -6.999997700000000123e+01
-7.134625099999999520e+01 -3.224502999999999986e+01 -4.210874400000000151e+01
-7.265554699999999855e+01 -3.526889500000000055e+01 -2.777698200000000028e+01
-7.135383600000000115e+01 -3.317869199999999807e+01 -4.255088700000000301e+01
-7.068012099999999975e+01 -2.801044600000000173e+01 -4.935443500000000228e+01
-7.053291400000000522e+01 -2.809128799999999870e+01 -5.648634400000000255e+01
-7.242768999999999835e+01 -3.652322699999999855e+01 -5.380192499999999711e+01
-7.117036899999999378e+01 -2.865514699999999948e+01 -3.453699799999999698e+01
-7.132928099999999461e+01 -2.851908999999999850e+01 -2.850293999999999883e+01
-7.235346499999999992e+01 -3.626131699999999825e+01 -5.444217900000000299e+01
-7.259231699999999421e+01 -3.634406599999999798e+01 -4.606067000000000178e+01
-7.153101300000000151e+01 -3.173302199999999829e+01 -3.418699999999999761e+01
-7.175090699999999799e+01 -3.182893400000000028e+01 -2.639098900000000114e+01
-7.108802900000000591e+01 -3.078903400000000090e+01 -5.439960700000000315e+01
-7.125670300000000168e+01 -3.091385000000000005e+01 -4.614554199999999895e+01
-7.125124200000000485e+01 -3.067784899999999837e+01 -4.697064799999999707e+01
-7.263093100000000391e+01 -3.783697500000000247e+01 -5.157691299999999757e+01
-7.239381099999999947e+01 -3.774784100000000109e+01 -6.071540099999999995e+01
-7.072220299999999327e+01 -2.824144899999999936e+01 -4.939533200000000335e+01
-7.043904700000000219e+01 -2.848061900000000080e+01 -6.324191100000000176e+01
-7.057900100000000521e+01 -2.835180300000000031e+01 -5.637982900000000086e+01
-7.084450599999999554e+01 -2.792124600000000001e+01 -4.175117199999999684e+01
-7.294484900000000493e+01 -3.856892500000000013e+01 -4.068730699999999700e+01
-7.267266800000000160e+01 -3.846531699999999887e+01 -5.014063900000000018e+01
-7.264900299999999334e+01 -3.807170200000000193e+01 -5.116994799999999799e+01
-7.166287300000000471e+01 -3.557028499999999838e+01 -7.000039599999999496e+01
-7.078580900000000042e+01 -3.386363999999999663e+01 -7.000000799999999401e+01
-7.251172599999999591e+01 -3.593978899999999754e+01 -4.423543500000000250e+01
-7.266084299999999985e+01 -3.579365500000000111e+01 -3.654835800000000035e+01
-7.239545200000000591e+01 -3.577609000000000350e+01 -4.566806700000000063e+01
-7.313330399999999543e+01 -3.736229399999999856e+01 -3.349079400000000106e+01
-7.286005699999999763e+01 -3.747926300000000310e+01 -4.239958000000000027e+01
-7.141882200000000580e+01 -3.078011400000000108e+01 -3.894524299999999783e+01
-7.196867600000000209e+01 -3.632719699999999818e+01 -7.000004300000000512e+01
-7.113758199999999476e+01 -2.921788600000000002e+01 -4.082236699999999985e+01
-7.107353500000000679e+01 -2.901089800000000096e+01 -4.091804499999999933e+01
-7.093984799999999780e+01 -2.918113699999999966e+01 -4.797720799999999741e+01
-7.096497599999999295e+01 -3.190046699999999902e+01 -6.039566800000000057e+01
-7.077948399999999651e+01 -3.200969899999999768e+01 -6.999997799999999870e+01
-7.244631499999999846e+01 -3.882238600000000162e+01 -5.915407600000000343e+01
-7.164534999999999343e+01 -3.472435000000000116e+01 -4.972928300000000235e+01
-7.173902499999999804e+01 -3.449862799999999652e+01 -4.095921299999999832e+01
-7.149071499999999446e+01 -3.449004999999999654e+01 -5.003556799999999782e+01
-7.114641500000000462e+01 -3.331353099999999756e+01 -5.127088499999999982e+01
-7.129407999999999390e+01 -2.976986399999999833e+01 -4.170966299999999904e+01
-7.201725799999999822e+01 -3.450153499999999696e+01 -3.221336800000000267e+01
-7.122817100000000323e+01 -2.938629699999999900e+01 -3.957874600000000243e+01
-7.152026600000000656e+01 -3.152058399999999949e+01 -3.431252299999999877e+01
-7.131790700000000527e+01 -3.140013700000000085e+01 -4.299976600000000104e+01
-7.075679200000000435e+01 -3.068262299999999954e+01 -6.999993399999999610e+01
-7.109698199999999702e+01 -3.461303999999999803e+01 -7.000007300000000043e+01
-7.176595199999999863e+01 -3.497465499999999849e+01 -5.143990199999999646e+01
-7.271226000000000056e+01 -3.826396799999999843e+01 -4.885898799999999653e+01
-7.169673699999999883e+01 -2.994632199999999855e+01 -2.735678499999999858e+01
-7.165760899999999367e+01 -2.973277900000000074e+01 -2.762939099999999826e+01
-7.150883100000000070e+01 -2.984603500000000054e+01 -3.394021399999999744e+01
-7.191415200000000141e+01 -3.564349399999999690e+01 -6.144110700000000236e+01
-7.142262100000000657e+01 -3.098300100000000157e+01 -3.829731499999999755e+01
-7.261945400000000461e+01 -3.758694400000000257e+01 -5.145241699999999696e+01
-7.238663400000000081e+01 -3.748069999999999879e+01 -6.041945599999999672e+01
-7.261763600000000451e+01 -3.732055799999999834e+01 -5.061256600000000105e+01
-7.212167900000000031e+01 -3.469174499999999739e+01 -3.280253400000000141e+01
-7.122307999999999595e+01 -2.886101400000000083e+01 -3.418446500000000299e+01
-7.101699000000000694e+01 -2.879545399999999944e+01 -4.115543600000000168e+01
-7.087280199999999297e+01 -2.894546899999999923e+01 -4.819687499999999858e+01
-7.131773599999999647e+01 -3.116458000000000084e+01 -4.295043400000000133e+01
-7.091995500000000163e+01 -3.063440900000000156e+01 -6.255779400000000123e+01
-7.155964400000000580e+01 -3.237485499999999661e+01 -3.383849899999999877e+01
-7.162968100000000504e+01 -3.429759700000000322e+01 -4.085572299999999757e+01
-7.038289699999999982e+01 -2.913601399999999941e+01 -6.999998399999999776e+01
-7.301165199999999800e+01 -3.900896699999999839e+01 -3.958977000000000146e+01
-7.331698500000000251e+01 -3.906673599999999880e+01 -3.174457800000000063e+01
-7.215550600000000259e+01 -3.572798000000000229e+01 -5.372421099999999683e+01
-7.293079699999999832e+01 -3.813016499999999809e+01 -4.125058700000000300e+01
-7.318826199999999460e+01 -3.821478199999999958e+01 -3.326420300000000196e+01
-7.326832799999999679e+01 -3.885820400000000063e+01 -3.208007899999999779e+01
-7.187893200000000604e+01 -3.355673699999999826e+01 -2.532892100000000113e+01
-7.231696399999999869e+01 -3.695604800000000267e+01 -6.084870399999999790e+01
-7.121566300000000638e+01 -3.019667899999999960e+01 -4.852485300000000024e+01
-7.103371900000000494e+01 -3.007088900000000109e+01 -5.591507899999999864e+01
-7.255939399999999750e+01 -3.508261399999999952e+01 -2.742950499999999892e+01
-7.127155100000000232e+01 -2.831844699999999904e+01 -2.933691100000000063e+01
-7.282782500000000425e+01 -3.563977799999999974e+01 -2.879233299999999929e+01
-7.274512300000000664e+01 -3.545710700000000060e+01 -2.830206599999999995e+01
-7.173077100000000428e+01 -3.142254199999999997e+01 -2.641227500000000106e+01
-7.074364599999999825e+01 -3.360018000000000171e+01 -6.999999900000000252e+01
-7.243153900000000078e+01 -3.828983699999999857e+01 -5.945359599999999745e+01
-7.246551100000000645e+01 -3.490113499999999647e+01 -2.705952200000000119e+01
-7.103102699999999459e+01 -2.942553600000000102e+01 -4.758325200000000166e+01
-7.109419599999999662e+01 -2.968332099999999940e+01 -4.871121099999999871e+01
-7.217741200000000390e+01 -3.843982400000000155e+01 -7.000001600000000224e+01
-7.242334400000000016e+01 -3.856342999999999677e+01 -5.966485999999999734e+01
-7.218686700000000656e+01 -3.870480599999999782e+01 -7.000001299999999560e+01
-7.145130699999999990e+01 -2.965133900000000011e+01 -3.449941900000000317e+01
-7.087331500000000517e+01 -2.813615000000000066e+01 -4.238541599999999931e+01
-7.141314400000000262e+01 -3.056493899999999897e+01 -3.977115400000000278e+01
-7.077067499999999711e+01 -3.227494800000000197e+01 -6.999999300000000346e+01
-7.074924599999999941e+01 -3.253965500000000333e+01 -6.999999699999999336e+01
-7.091747599999999352e+01 -2.835645200000000088e+01 -4.216964600000000019e+01
-7.094092299999999796e+01 -3.042802100000000110e+01 -6.172184099999999773e+01
-7.075174300000000471e+01 -3.094809499999999858e+01 -6.999992199999999798e+01
-7.143173799999999574e+01 -2.892042199999999852e+01 -2.799921099999999896e+01
-7.096425499999999431e+01 -3.216065799999999797e+01 -6.011146899999999960e+01
-7.240229300000000023e+01 -3.801596700000000340e+01 -6.062854399999999799e+01
-7.177012700000000223e+01 -3.270632899999999665e+01 -2.703903499999999838e+01
-7.342980900000000588e+01 -3.807600300000000004e+01 -2.696124500000000168e+01
-7.075662099999999555e+01 -3.041713100000000125e+01 -6.999995300000000498e+01
-7.158173800000000142e+01 -3.046912800000000132e+01 -3.268277899999999647e+01
-7.073418999999999812e+01 -2.909428700000000134e+01 -5.539835999999999672e+01
-7.138099499999999864e+01 -2.871703300000000070e+01 -2.803286200000000150e+01
-7.228102900000000375e+01 -3.598999599999999788e+01 -5.364732699999999710e+01
-7.072662300000000357e+01 -3.280432900000000274e+01 -6.999999699999999336e+01
-7.202638100000000065e+01 -3.658863699999999852e+01 -7.000000199999999495e+01
-7.089597799999999950e+01 -3.021848500000000115e+01 -6.322733900000000062e+01
-7.303566999999999609e+01 -3.621559799999999996e+01 -2.988247799999999899e+01
-7.284592399999999657e+01 -3.638126499999999908e+01 -3.715506200000000092e+01
-7.035347299999999393e+01 -2.795080700000000107e+01 -6.323136699999999877e+01
-7.146565099999999404e+01 -3.386501499999999965e+01 -4.049446799999999769e+01
-7.153770600000000002e+01 -3.408464699999999681e+01 -4.058758900000000125e+01
-7.172574199999999678e+01 -3.391933699999999874e+01 -3.235703800000000285e+01
-7.187767300000000148e+01 -3.465546899999999653e+01 -3.956855999999999796e+01
-7.304776499999999828e+01 -3.695764100000000241e+01 -3.428116500000000144e+01
-7.092439199999999744e+01 -3.087967899999999943e+01 -6.195233100000000093e+01
-7.113571199999999806e+01 -3.257005399999999895e+01 -5.131232299999999924e+01
-7.180201200000000483e+01 -3.412561600000000084e+01 -3.252261500000000183e+01
-7.189746100000000695e+01 -3.432210400000000305e+01 -3.261588199999999915e+01
-7.055852899999999295e+01 -2.964429700000000167e+01 -6.999997899999999618e+01
-7.319441199999999981e+01 -3.659060399999999902e+01 -2.830769300000000044e+01
-7.311455899999999986e+01 -3.639999699999999905e+01 -2.919041599999999903e+01
-7.177091199999999560e+01 -3.079943199999999948e+01 -2.509455900000000028e+01
-7.184457999999999345e+01 -2.982864100000000107e+01 -2.181097199999999958e+01
-7.124040800000000218e+01 -2.956782600000000016e+01 -4.140295400000000114e+01
-7.213756399999999758e+01 -3.523648899999999884e+01 -4.389527999999999963e+01
-7.311181399999999542e+01 -3.714766099999999938e+01 -3.328883400000000137e+01
-7.175364299999999673e+01 -2.939705700000000022e+01 -2.229252800000000079e+01
-7.200068500000000427e+01 -3.281361199999999911e+01 -2.046219599999999872e+01
-7.201948000000000150e+01 -3.301078900000000260e+01 -2.020145899999999983e+01
-7.177817400000000703e+01 -3.292485899999999788e+01 -2.703562300000000107e+01
-7.180051600000000178e+01 -3.313910500000000070e+01 -2.658243300000000175e+01
-7.195005199999999945e+01 -3.091363499999999931e+01 -1.960863900000000015e+01
-7.194609499999999969e+01 -3.112199000000000026e+01 -1.964868099999999984e+01
-7.418070400000000575e+01 -3.877728199999999958e+01 -1.455322899999999997e+01
-7.384736700000000553e+01 -3.875309699999999680e+01 -1.997109199999999873e+01
-7.364618199999999604e+01 -3.640370999999999668e+01 -1.679655100000000090e+01
-7.374508099999999899e+01 -3.657633400000000279e+01 -1.583862300000000012e+01
-7.202006199999999581e+01 -2.885657600000000045e+01 -1.244806999999999952e+01
-7.223612900000000536e+01 -2.888793599999999984e+01 -6.174001200000000189e+00
-7.220142400000000293e+01 -2.872747400000000084e+01 -5.999749099999999835e+00
-7.216129300000000057e+01 -2.856802599999999970e+01 -5.760704999999999742e+00
-7.198187099999999816e+01 -2.870048399999999944e+01 -1.237606099999999998e+01
-7.117783599999999922e+01 -2.791891700000000043e+01 -2.996776499999999999e+01
-7.137784399999999607e+01 -2.799687700000000135e+01 -2.437463599999999886e+01
-7.380608399999999847e+01 -3.675667299999999926e+01 -1.567050799999999988e+01
-7.147712900000000502e+01 -2.837562700000000149e+01 -2.332828999999999908e+01
-7.162985399999999458e+01 -2.821845100000000173e+01 -1.831400700000000015e+01
-7.168108900000000006e+01 -2.838311300000000159e+01 -1.770244699999999938e+01
-7.265119500000000130e+01 -3.473645499999999942e+01 -2.017054200000000108e+01
-7.256008900000000494e+01 -3.455449800000000238e+01 -1.997648300000000177e+01
-7.159059799999999996e+01 -3.068249799999999894e+01 -3.186524800000000113e+01
-7.391224599999999612e+01 -3.635936199999999729e+01 -1.138677500000000009e+01
-7.419220799999999372e+01 -3.632660099999999659e+01 -4.721401300000000134e+00
-7.411742200000000480e+01 -3.617466699999999946e+01 -4.688193899999999914e+00
-7.262322600000000250e+01 -3.147635599999999911e+01 -5.920210700000000159e+00
-7.239522700000000555e+01 -3.155668700000000015e+01 -1.080741599999999991e+01
-7.264389699999999550e+01 -3.163863600000000176e+01 -5.839781499999999959e+00
-7.418050900000000070e+01 -3.709448100000000181e+01 -1.076285299999999978e+01
-7.445697699999999486e+01 -3.711462900000000076e+01 -4.150352500000000333e+00
-7.441200700000000268e+01 -3.695519099999999924e+01 -4.170318800000000437e+00
-7.290660099999999488e+01 -3.582967200000000219e+01 -2.921643699999999910e+01
-7.453386899999999571e+01 -3.900842500000000257e+01 -1.065834199999999932e+01
-7.315221200000000579e+01 -3.586005000000000109e+01 -2.310558100000000081e+01
-7.459597899999999981e+01 -3.824785500000000127e+01 -4.211471000000000409e+00
-7.428502000000000294e+01 -3.824374999999999858e+01 -1.158970799999999990e+01
-7.453574799999999811e+01 -3.809162700000000257e+01 -4.080738400000000432e+00
-7.352382000000000062e+01 -3.556858100000000178e+01 -1.277007099999999973e+01
-7.350209599999999455e+01 -3.541341800000000006e+01 -1.186449099999999923e+01
-7.371659999999999968e+01 -3.542622999999999678e+01 -4.454607900000000065e+00
-7.254684500000000469e+01 -3.066284599999999827e+01 -6.094599399999999889e+00
-7.233971800000000485e+01 -3.074769200000000069e+01 -1.086564699999999917e+01
-7.256166399999999328e+01 -3.082558799999999977e+01 -6.074212300000000120e+00
-7.234908799999999474e+01 -3.091819699999999926e+01 -1.078005899999999961e+01
-7.257481799999999339e+01 -3.098843700000000112e+01 -6.036060499999999607e+00
-7.176980600000000265e+01 -3.225624200000000030e+01 -2.642770799999999909e+01
-7.475343200000000365e+01 -3.855036799999999886e+01 -4.531077800000000266e+00
-7.481345799999999713e+01 -3.870732199999999779e+01 -4.496495900000000212e+00
-7.451761199999999974e+01 -3.869517299999999693e+01 -9.796230100000000718e+00
-7.322453600000000051e+01 -3.604802399999999807e+01 -2.336709899999999962e+01
-7.340731100000000708e+01 -3.588242699999999985e+01 -1.771186099999999897e+01
-7.424394599999999400e+01 -3.807124900000000167e+01 -1.199031500000000072e+01
-7.422532900000000211e+01 -3.789933899999999767e+01 -1.209881299999999982e+01
-7.450618099999999799e+01 -3.792942299999999989e+01 -4.083905099999999955e+00
-7.395303099999999574e+01 -3.802543800000000118e+01 -1.657896900000000073e+01
-7.398497199999999907e+01 -3.821327900000000000e+01 -1.618122800000000083e+01
-7.196879300000000512e+01 -3.191876299999999844e+01 -2.009442100000000053e+01
-7.308224099999999623e+01 -3.566542199999999951e+01 -2.243535500000000127e+01
-7.332930799999999749e+01 -3.569854200000000333e+01 -1.748686999999999969e+01
-7.164080599999999777e+01 -2.897574099999999930e+01 -2.244055799999999934e+01
-7.171412200000000325e+01 -2.917868100000000098e+01 -2.192539000000000016e+01
-7.316074700000000064e+01 -3.530768299999999726e+01 -1.648371399999999909e+01
-7.300226499999999419e+01 -3.547831200000000251e+01 -2.189663200000000032e+01
-7.290831400000000428e+01 -3.529259400000000113e+01 -2.160312000000000054e+01
-7.340316599999999880e+01 -3.528554700000000111e+01 -1.223097600000000007e+01
-7.403236300000000369e+01 -3.840128399999999687e+01 -1.567077100000000023e+01
-7.434422399999999698e+01 -3.841146400000000227e+01 -1.106668299999999938e+01
-7.229780700000000593e+01 -2.921012100000000089e+01 -6.226001199999999791e+00
-7.212390399999999602e+01 -2.932731199999999916e+01 -1.258779099999999929e+01
-7.232937200000000644e+01 -2.937109500000000040e+01 -6.134340700000000091e+00
-7.236320899999999767e+01 -2.953171199999999885e+01 -6.012249999999999872e+00
-7.217033499999999435e+01 -2.948028499999999852e+01 -1.221826899999999938e+01
-7.174484400000000051e+01 -2.791503799999999913e+01 -1.404449600000000054e+01
-7.194981400000000349e+01 -2.794261300000000148e+01 -5.341707300000000380e+00
-7.298512300000000153e+01 -3.436450800000000072e+01 -1.086848099999999917e+01
-7.309377000000000635e+01 -3.404854499999999717e+01 -5.213920599999999794e+00
-7.289825000000000443e+01 -3.420930299999999846e+01 -1.116587700000000005e+01
-7.317838199999999915e+01 -3.419624100000000055e+01 -4.991557600000000150e+00
-7.285534099999999569e+01 -3.325903900000000135e+01 -5.189849299999999666e+00
-7.265371700000000033e+01 -3.339126900000000120e+01 -9.806125700000000833e+00
-7.289050600000000202e+01 -3.341960300000000217e+01 -5.281261899999999621e+00
-7.264204800000000262e+01 -3.354644900000000263e+01 -1.063233899999999998e+01
-7.378426100000000076e+01 -3.855679099999999693e+01 -2.045750599999999864e+01
-7.348763800000000401e+01 -3.850341000000000236e+01 -2.617364299999999844e+01
-7.373610600000000659e+01 -3.835665399999999892e+01 -2.090164899999999903e+01
-7.291489599999999882e+01 -3.476428800000000052e+01 -1.516670900000000088e+01
-7.273125400000000695e+01 -3.492262999999999806e+01 -2.072242400000000018e+01
-7.154831299999999317e+01 -2.857199500000000114e+01 -2.226773299999999978e+01
-7.420417799999999886e+01 -3.897746999999999673e+01 -1.500589800000000018e+01
-7.450242599999999982e+01 -3.884830099999999931e+01 -1.048987600000000064e+01
-7.424293900000000690e+01 -3.773162399999999650e+01 -1.161609999999999943e+01
-7.248600199999999916e+01 -3.257893899999999832e+01 -1.057592400000000055e+01
-7.272126900000000660e+01 -3.245194800000000157e+01 -5.430547699999999978e+00
-7.158515500000000031e+01 -2.877864399999999989e+01 -2.252109099999999842e+01
-7.218519899999999723e+01 -3.181184299999999965e+01 -1.491252399999999945e+01
-7.333324399999999343e+01 -3.512401799999999952e+01 -1.179214400000000040e+01
-7.358982299999999555e+01 -3.511581999999999937e+01 -4.536484100000000019e+00
-7.326435299999999984e+01 -3.549641499999999894e+01 -1.661279000000000039e+01
-7.336958699999999567e+01 -3.721860699999999866e+01 -2.692677899999999980e+01
-7.142469800000000646e+01 -2.818468899999999877e+01 -2.398868999999999829e+01
-7.158213800000000049e+01 -2.804707099999999897e+01 -1.883575000000000088e+01
-7.236503100000000188e+01 -3.059805199999999914e+01 -1.041263099999999930e+01
-7.257599700000000098e+01 -3.325689700000000215e+01 -1.027810999999999986e+01
-7.281773699999999394e+01 -3.309890399999999744e+01 -5.138433100000000309e+00
-7.254032999999999731e+01 -3.309169599999999889e+01 -1.030433200000000049e+01
-7.281511600000000328e+01 -3.404738499999999846e+01 -1.133442699999999981e+01
-7.302070999999999401e+01 -3.389680100000000351e+01 -5.351100500000000260e+00
-7.337853800000000604e+01 -3.641032700000000233e+01 -2.267458200000000090e+01
-7.214610899999999560e+01 -3.360707099999999770e+01 -1.903104400000000140e+01
-7.237771200000000249e+01 -3.345406700000000200e+01 -1.391311900000000001e+01
-7.209983400000000131e+01 -3.341002900000000153e+01 -1.912326799999999949e+01
-7.176133099999999843e+01 -2.851293099999999825e+01 -1.632047800000000137e+01
-7.227446799999999882e+01 -3.306806900000000127e+01 -1.457135800000000003e+01
-7.231216000000000577e+01 -3.325791000000000253e+01 -1.429411400000000043e+01
-7.205145299999999509e+01 -3.321023499999999729e+01 -1.971679800000000071e+01
-7.178755499999999756e+01 -3.247910199999999747e+01 -2.618514000000000053e+01
-7.199756999999999607e+01 -3.262306900000000098e+01 -2.033564399999999850e+01
-7.312489700000000425e+01 -3.463635200000000225e+01 -1.067703900000000061e+01
-7.334302900000000136e+01 -3.449351099999999803e+01 -4.529161600000000121e+00
-7.309997500000000059e+01 -3.448582900000000251e+01 -9.998583399999999344e+00
-7.278129199999999344e+01 -3.293865300000000218e+01 -5.159895699999999863e+00
-7.251065199999999322e+01 -3.292151100000000241e+01 -1.043036999999999992e+01
-7.238219800000000248e+01 -3.471779200000000287e+01 -2.631066699999999869e+01
-7.359639500000000112e+01 -3.572938599999999809e+01 -1.281942199999999943e+01
-7.365296999999999628e+01 -3.527124700000000246e+01 -4.540517499999999984e+00
-7.211586099999999533e+01 -3.040671999999999997e+01 -1.556581199999999932e+01
-7.231595599999999990e+01 -3.045619399999999999e+01 -1.120600199999999980e+01
-7.214611800000000130e+01 -3.060786999999999836e+01 -1.480675399999999975e+01
-7.200789899999999477e+01 -2.809751999999999938e+01 -5.263693199999999628e+00
-7.184748299999999688e+01 -2.823479999999999990e+01 -1.297448200000000007e+01
-7.206363600000000247e+01 -2.825307300000000055e+01 -5.330730700000000155e+00
-7.275212700000000154e+01 -3.277733899999999778e+01 -5.246368200000000037e+00
-7.249082199999999432e+01 -3.275015400000000199e+01 -1.057143499999999925e+01
-7.273310200000000236e+01 -3.261488299999999896e+01 -5.347937299999999894e+00
-7.284294699999999523e+01 -3.456922300000000092e+01 -1.466450999999999993e+01
-7.387167800000000284e+01 -3.709987399999999980e+01 -1.608194599999999852e+01
-7.364813399999999888e+01 -3.729215399999999647e+01 -2.110676000000000130e+01
-7.359856499999999357e+01 -3.709201699999999846e+01 -2.143122800000000083e+01
-7.242050100000000157e+01 -3.140723500000000001e+01 -1.020033100000000026e+01
-7.260436099999999726e+01 -3.131391800000000103e+01 -5.969039699999999726e+00
-7.258835100000000295e+01 -3.115126000000000062e+01 -5.999140800000000162e+00
-7.236922699999999509e+01 -3.126195900000000094e+01 -1.075748899999999963e+01
-7.392627899999999386e+01 -3.754657600000000173e+01 -1.646117200000000125e+01
-7.339051200000000108e+01 -3.743338399999999666e+01 -2.706557899999999961e+01
-7.243010800000000415e+01 -2.985304000000000002e+01 -5.856288900000000019e+00
-7.224955799999999329e+01 -2.996699800000000025e+01 -1.192731599999999936e+01
-7.245920599999999467e+01 -3.001433499999999910e+01 -5.872751499999999680e+00
-7.228987499999999500e+01 -3.012541900000000084e+01 -1.140866100000000039e+01
-7.202108400000000188e+01 -2.958734300000000061e+01 -1.584024800000000077e+01
-7.220453799999999944e+01 -2.964475099999999941e+01 -1.204025099999999959e+01
-7.201112700000000189e+01 -2.973991600000000091e+01 -1.667577199999999849e+01
-7.340040399999999465e+01 -3.764838600000000213e+01 -2.725983199999999940e+01
-7.341684499999999503e+01 -3.785820999999999970e+01 -2.711499200000000087e+01
-7.353094500000000266e+01 -3.870901500000000084e+01 -2.582662699999999845e+01
-7.190986999999999796e+01 -2.838336299999999923e+01 -1.227412799999999926e+01
-7.385434800000000166e+01 -3.693257599999999741e+01 -1.566230700000000020e+01
-7.412794399999999939e+01 -3.694497100000000245e+01 -1.101844700000000010e+01
-7.408294100000000526e+01 -3.678470000000000084e+01 -1.101268600000000042e+01
-7.440962199999999882e+01 -3.857056399999999741e+01 -1.064946300000000079e+01
-7.217758000000000607e+01 -3.141901700000000019e+01 -1.439165299999999981e+01
-7.195289499999999805e+01 -3.152156700000000100e+01 -1.986597499999999883e+01
-7.217198500000000649e+01 -3.162140799999999885e+01 -1.484004599999999918e+01
-7.214417500000000416e+01 -3.101561500000000038e+01 -1.472948500000000038e+01
-7.195455599999999663e+01 -3.070024199999999936e+01 -1.969759900000000030e+01
-7.207396900000000528e+01 -3.415861000000000303e+01 -2.558964900000000142e+01
-7.199155899999999519e+01 -3.396355400000000202e+01 -2.538661700000000110e+01
-7.364796300000000429e+01 -3.750900000000000034e+01 -2.166765699999999839e+01
-7.368420999999999310e+01 -3.772239199999999926e+01 -2.130985000000000085e+01
-7.399278599999999528e+01 -3.768478300000000303e+01 -1.553564500000000059e+01
-7.391187899999999900e+01 -3.738258299999999679e+01 -1.631138299999999930e+01
-7.409316599999999653e+01 -3.858860899999999816e+01 -1.520255399999999923e+01
-7.195720099999999775e+01 -3.172068700000000163e+01 -2.007311899999999838e+01
-7.241160200000000202e+01 -3.172413900000000098e+01 -1.086070600000000042e+01
-7.319416699999999310e+01 -3.479472200000000015e+01 -1.090357700000000030e+01
-7.346871500000000310e+01 -3.480376299999999645e+01 -4.400149500000000380e+00
-7.326358299999999701e+01 -3.495895199999999647e+01 -1.130752200000000052e+01
-7.352769600000000594e+01 -3.496014399999999966e+01 -4.461437100000000378e+00
-7.224945099999999343e+01 -3.288256499999999960e+01 -1.484337799999999952e+01
-7.191239899999999352e+01 -2.928141899999999964e+01 -1.716352900000000048e+01
-7.191968799999999362e+01 -2.912855700000000070e+01 -1.613693100000000058e+01
-7.179535300000000575e+01 -2.807690399999999897e+01 -1.351063599999999987e+01
-7.195647400000000005e+01 -2.854345500000000158e+01 -1.207731199999999916e+01
-7.240699200000000246e+01 -3.365960700000000116e+01 -1.455847699999999989e+01
-7.175670100000000673e+01 -3.037223799999999940e+01 -2.612616600000000133e+01
-7.193166600000000699e+01 -3.026293099999999825e+01 -2.042597599999999858e+01
-7.253785000000000593e+01 -3.403042299999999898e+01 -1.525711100000000009e+01
-7.274281100000000322e+01 -3.388069500000000289e+01 -1.125338900000000031e+01
-7.378400299999999845e+01 -3.557966600000000312e+01 -4.352918700000000030e+00
-7.329961900000000696e+01 -3.622945500000000152e+01 -2.319818400000000125e+01
-7.183594499999999528e+01 -3.335011699999999735e+01 -2.586495400000000089e+01
-7.173641800000000046e+01 -3.162455699999999936e+01 -2.654206800000000044e+01
-7.252917499999999507e+01 -3.050031099999999995e+01 -6.081206800000000356e+00
-7.250838799999999651e+01 -3.033804599999999851e+01 -6.025926899999999975e+00
-7.093261599999999589e+01 -3.112726800000000082e+01 -6.144117500000000121e+01
-7.367616999999999905e+01 -3.589095799999999770e+01 -1.260839099999999924e+01
-7.484810699999999883e+01 -3.886879299999999660e+01 -4.323249099999999956e+00
-7.375830700000000206e+01 -3.605041099999999687e+01 -1.220845699999999923e+01
-7.348677200000000198e+01 -3.605801999999999907e+01 -1.760554199999999980e+01
-7.281883799999999951e+01 -3.510679900000000231e+01 -2.115968700000000169e+01
-7.299536600000000419e+01 -3.494523199999999719e+01 -1.554848999999999926e+01
-7.210555600000000709e+01 -2.917003199999999907e+01 -1.231396900000000016e+01
-7.219983200000000068e+01 -3.199646999999999863e+01 -1.493522699999999936e+01
-7.266471599999999853e+01 -3.180090500000000020e+01 -5.736557600000000257e+00
-7.268420199999999909e+01 -3.196329499999999868e+01 -5.634527799999999864e+00
-7.242981699999999989e+01 -3.189478400000000136e+01 -1.088304899999999975e+01
-7.395223000000000013e+01 -3.722863999999999862e+01 -1.508370799999999967e+01
-7.239764499999999714e+01 -2.969222500000000053e+01 -5.906718800000000158e+00
-7.248502399999999568e+01 -3.017604899999999901e+01 -5.941086000000000311e+00
-7.222060799999999858e+01 -2.980524000000000129e+01 -1.213654900000000048e+01
-7.346026299999999765e+01 -3.659069000000000216e+01 -2.194679800000000114e+01
-7.352681400000000167e+01 -3.676579999999999870e+01 -2.145745499999999950e+01
-7.195033200000000306e+01 -3.132561700000000116e+01 -1.967444899999999919e+01
-7.194325800000000015e+01 -3.048849099999999979e+01 -2.019427500000000109e+01
-7.194987899999999570e+01 -2.944709800000000044e+01 -1.703472599999999915e+01
-7.181710900000000208e+01 -2.961141100000000037e+01 -2.161877899999999997e+01
-7.214044300000000476e+01 -3.081578000000000017e+01 -1.484271299999999982e+01
-7.192902700000000493e+01 -3.376110200000000106e+01 -2.519665799999999933e+01
-7.345473599999999692e+01 -3.829206800000000044e+01 -2.656091800000000092e+01
-7.197900099999999668e+01 -3.211469000000000307e+01 -2.013636199999999832e+01
-7.228629999999999711e+01 -3.453137199999999751e+01 -2.578995799999999861e+01
-7.356610600000000488e+01 -3.623047499999999843e+01 -1.728372699999999895e+01
-7.184449600000000657e+01 -2.899499000000000137e+01 -1.717858599999999925e+01
-7.188276500000000624e+01 -3.004183899999999952e+01 -2.140806399999999954e+01
-7.436260599999999954e+01 -3.679670999999999736e+01 -4.283022400000000118e+00
-7.231338800000000333e+01 -3.029399300000000039e+01 -1.115089900000000078e+01
-7.386049099999999612e+01 -3.573048899999999861e+01 -4.320690299999999873e+00
-7.467521899999999846e+01 -3.839894499999999766e+01 -4.406539000000000428e+00
-7.203991200000000106e+01 -2.991464699999999866e+01 -1.654677600000000126e+01
-7.217702500000000043e+01 -3.434458000000000055e+01 -2.563046599999999842e+01
-7.226284800000000530e+01 -3.400064199999999914e+01 -1.977343300000000070e+01
-7.367760400000000232e+01 -3.794238500000000158e+01 -2.164101700000000150e+01
-7.369979999999999620e+01 -3.815216499999999655e+01 -2.135765200000000164e+01
-7.211514900000000239e+01 -2.840986099999999936e+01 -5.515231100000000275e+00
-7.176615400000000022e+01 -3.058601600000000076e+01 -2.560705499999999901e+01
-7.219375999999999749e+01 -3.380769099999999838e+01 -1.942832100000000040e+01
-7.383745600000000309e+01 -3.620738300000000010e+01 -1.177170699999999925e+01
-7.403353099999999642e+01 -3.602582999999999913e+01 -4.553771199999999908e+00
-7.272334600000000648e+01 -3.438757799999999776e+01 -1.520914199999999994e+01
-7.292490399999999795e+01 -3.358031199999999927e+01 -5.362617900000000049e+00
-7.268570800000000531e+01 -3.371241400000000255e+01 -1.097366899999999923e+01
-7.246432199999999568e+01 -3.384872699999999668e+01 -1.496541400000000088e+01
-7.225285499999999672e+01 -3.252509700000000237e+01 -1.453867999999999938e+01
-7.224629500000000348e+01 -3.234536700000000309e+01 -1.450663600000000031e+01
-7.221579300000000501e+01 -3.217562499999999659e+01 -1.488866900000000015e+01
-7.179811300000000074e+01 -2.883041400000000110e+01 -1.727926499999999876e+01
-7.226744399999999757e+01 -2.904897000000000062e+01 -6.248086100000000087e+00
-7.207017899999999599e+01 -2.900724500000000106e+01 -1.224562000000000062e+01
-7.246773799999999710e+01 -3.223293100000000067e+01 -1.070740100000000083e+01
-7.270006399999999758e+01 -3.212597199999999731e+01 -5.556431199999999571e+00
-7.244764000000000692e+01 -3.206484799999999780e+01 -1.085119700000000087e+01
-7.326273299999999722e+01 -3.678754399999999691e+01 -2.764679399999999987e+01
-7.235079700000000003e+01 -3.418681800000000237e+01 -1.999716199999999944e+01
-7.421254799999999818e+01 -3.725497299999999967e+01 -1.080325500000000005e+01
-7.394152900000000272e+01 -3.784342300000000137e+01 -1.664219200000000143e+01
-7.486302299999999832e+01 -3.903189700000000073e+01 -4.094621400000000300e+00
-7.431123200000000395e+01 -3.663875399999999871e+01 -4.463250099999999776e+00
-7.175902899999999818e+01 -2.866530799999999957e+01 -1.723124299999999920e+01
-7.204179100000000346e+01 -3.245776599999999945e+01 -1.903442899999999938e+01
-7.199066399999999533e+01 -3.230261899999999997e+01 -2.010854300000000094e+01
-7.449175300000000277e+01 -3.727601299999999895e+01 -4.190958300000000136e+00
-7.215030600000000049e+01 -3.121410799999999952e+01 -1.470747700000000080e+01
-7.262532600000000116e+01 -3.420882999999999896e+01 -1.534763700000000064e+01
-7.296545500000000573e+01 -3.374007300000000242e+01 -5.393112799999999929e+00
-7.421273100000000511e+01 -3.741197400000000073e+01 -1.127493400000000001e+01
-7.424136300000000688e+01 -3.756403399999999948e+01 -1.126953600000000044e+01
-7.223856200000000172e+01 -3.270111700000000354e+01 -1.493385699999999972e+01
-7.401383900000000438e+01 -3.647845999999999833e+01 -1.044219400000000064e+01
-7.450993099999999458e+01 -3.743905399999999872e+01 -4.240678700000000134e+00
-7.402922399999999925e+01 -3.662766299999999831e+01 -1.103577499999999922e+01
-7.425596199999999669e+01 -3.648167399999999816e+01 -4.633881900000000442e+00
-7.451011900000000310e+01 -3.760256400000000099e+01 -4.242373100000000008e+00
-7.450308900000000278e+01 -3.776591799999999921e+01 -4.172643500000000394e+00
-7.326456799999999703e+01 -3.434339299999999895e+01 -4.738792400000000349e+00
-7.361155999999999722e+01 -3.691395599999999888e+01 -2.039516100000000165e+01
-7.213418699999999717e+01 -3.024044200000000160e+01 -1.496326499999999982e+01
-7.334084199999999498e+01 -3.698999299999999835e+01 -2.671162599999999898e+01
-7.235818100000000186e+01 -3.109216299999999933e+01 -1.075332900000000080e+01
-7.340984199999999760e+01 -3.464748999999999768e+01 -4.414401999999999937e+00
-7.307651199999999392e+01 -3.512487000000000137e+01 -1.601010600000000039e+01
-7.245151099999999644e+01 -3.437097700000000344e+01 -2.008685399999999888e+01
-7.207337200000000621e+01 -3.009077399999999969e+01 -1.618731000000000009e+01
-7.248112399999999411e+01 -3.240524700000000280e+01 -1.059611699999999956e+01
-7.271162400000000048e+01 -3.228891300000000086e+01 -5.494721199999999861e+00
-7.394564599999999643e+01 -3.587855799999999817e+01 -4.399100699999999975e+00
