0.232149 21.487205
0.787129 18.758737
-3.301944 27.696253
-2.774274 26.541827
3.861679 21.124809
3.141190 20.422694
22.427049 23.576094
23.192871 21.664850
23.770486 23.321065
-1.469143 22.585175
24.919449 27.362982
25.249366 25.576916
2.958270 19.870339
-0.061426 21.891771
-0.830199 24.858988
14.126405 27.200992
20.387329 24.830595
17.595544 26.507733
-1.203153 17.260134
0.819180 16.535459
-1.867485 26.129691
17.885981 24.622165
19.065394 25.008689
14.995064 24.292980
5.607726 24.310445
26.737224 28.548053
-0.407202 24.598757
9.541571 23.024527
0.128904 26.891900
17.459216 23.455502
15.397861 23.496781
-1.147501 25.788130
-1.409533 25.510568
4.767388 23.547932
3.807693 23.600261
4.602832 21.552523
15.644117 23.857681
-0.308437 19.202002
-0.371941 23.602778
-0.113782 23.286282
22.958083 27.224877
25.186788 28.194333
6.416595 11.432143
5.409258 13.096368
-0.729212 23.989672
8.388259 24.234994
12.143366 24.704407
4.293011 24.754640
-0.299520 22.957283
5.790892 24.056087
-0.212414 27.695071
-1.078497 27.095105
-0.554104 27.043371
-0.869650 26.839736
-0.016408 27.160784
7.441718 24.851182
10.715981 26.467322
14.178327 24.670028
-0.459452 24.384036
0.602320 27.443551
14.111553 24.751218
26.341432 27.858944
16.892242 24.034568
23.388835 24.896331
3.207611 24.662841
2.306215 24.962713
8.277680 18.329158
9.562287 20.135746
7.747000 20.154040
-0.733578 24.616205
6.795711 23.218479
23.112510 26.329005
0.422934 22.871318
1.861133 20.410539
4.653840 22.419330
-2.609268 20.413204
26.470600 27.707570
-1.987660 26.558632
0.169271 25.185035
0.753451 20.946262
-0.126892 18.171448
-1.444948 18.120029
-0.635439 20.886181
6.287165 26.082590
0.583724 22.888655
0.136250 20.599103
9.755933 24.334442
5.154039 27.373427
7.856721 22.700354
7.257015 23.188693
6.528332 22.999306
8.081521 19.247742
1.490468 25.649782
2.139610 25.587091
23.724586 27.029871
-1.643610 26.542175
0.017810 28.109117
21.400393 27.525489
-1.972832 25.915136
0.281631 21.262112
12.986841 23.997459
11.603366 21.356634
15.520240 21.695709
12.905573 23.115036
7.103943 20.075952
7.424158 21.996112
21.637594 21.856113
-1.157355 25.545886
1.867693 25.620909
-0.358834 21.098504
0.046773 21.278767
-0.358571 23.168878
17.263906 24.133446
-0.444049 25.421088
26.592002 23.489877
26.607827 20.513181
25.308328 21.124940
10.265099 19.426124
-0.845069 22.664315
5.439967 26.204240
2.481364 24.892524
7.330996 23.440049
0.908666 19.566638
23.933314 21.423164
8.421434 23.803255
13.485459 19.553328
7.477752 23.744727
8.347744 23.330171
13.556042 23.066205
16.055293 22.938907
-1.537877 24.979693
1.383440 18.044433
13.399207 17.906993
13.637526 20.264655
12.418932 18.527033
14.418205 19.633514
3.108687 22.733761
-1.115345 24.812097
8.510911 23.614434
7.898389 23.337879
7.253218 23.767254
27.252609 23.206390
-2.166717 18.966463
-3.499602 22.229284
15.387659 18.696166
6.075420 22.475484
5.263076 21.581703
6.845719 19.643315
6.053993 18.867645
4.168075 22.659544
7.601952 23.386812
4.064209 24.045987
0.171556 24.969568
-0.740613 23.983994
23.321313 18.883283
-0.700858 23.111415
9.295514 23.759547
8.446292 24.287012
6.593714 23.658102
8.184392 19.885010
7.479342 18.069167
10.676342 23.593799
8.579855 22.975893
0.197999 22.462681
0.782007 19.054685
-2.953129 26.215891
-3.129922 26.190468
-3.350168 25.913397
-0.260233 23.001176
-0.305055 24.475087
7.996647 23.555568
6.818089 23.478163
7.376973 23.977939
10.336911 22.208113
-1.828256 20.070347
-2.836660 22.600269
-1.608419 22.731121
21.240254 25.927746
8.284448 26.937518
17.051931 23.148714
18.929403 21.820401
20.108885 23.404776
3.068186 17.803992
2.071674 20.851266
-3.979782 24.927461
10.340001 23.865678
14.613600 21.392113
12.133657 21.532528
13.622554 22.859478
-1.248859 28.187563
-1.606475 28.812457
2.000484 25.468275
26.433796 25.670960
24.753644 22.726782
24.508424 25.413981
0.109568 24.615240
11.721440 22.847216
25.445723 19.265413
15.219647 21.269820
0.300971 22.837282
-0.519467 25.709618
-1.813317 25.767954
26.180114 28.269905
26.478723 26.004681
-2.710767 22.349369
4.740166 20.548139
7.514112 20.168088
7.736351 22.061753
21.172286 25.377415
-2.867929 24.856544
1.097208 23.225376
1.369539 24.665948
2.636209 23.176979
27.087935 19.715739
10.792379 19.677082
9.176600 21.784075
10.286294 23.080664
-1.522891 25.754738
-2.084851 25.699120
0.338487 21.328103
21.712981 22.418737
11.282453 22.725188
4.398071 19.260362
5.394723 15.507899
20.715241 24.530383
-2.068246 20.689181
-1.927531 17.820216
3.471212 15.862829
6.509491 16.688630
4.589928 24.435404
3.735811 25.111403
8.135383 25.250217
23.722674 18.618793
7.027266 18.284214
20.792028 19.164572
22.616773 19.096750
0.576513 19.373337
4.410164 26.224883
-2.321374 24.239164
24.411704 18.095523
15.806596 22.932631
14.766073 23.714326
-1.438500 25.625112
-1.445739 24.888147
1.000166 26.464733
11.212995 21.223969
8.709970 22.111801
-3.313481 24.857775
-3.590725 28.894005
-4.425984 28.057590
7.455627 22.072631
-0.054432 25.477894
-1.186160 26.328938
12.187645 17.725636
-2.627542 28.303074
-1.418363 24.284717
0.395263 18.676143
-1.408103 14.942893
0.818472 24.910402
-2.744789 22.773428
11.629299 23.437608
9.522871 17.818948
16.448684 23.842672
-3.421056 26.772293
7.101436 23.925890
5.002990 25.079949
12.233540 18.123434
8.682479 20.616747
9.495142 23.901753
10.904362 22.010603
17.141152 22.030200
14.033956 19.031506
26.549019 22.412889
5.141816 18.382181
-2.166486 26.169772
-1.381598 25.317515
19.111784 19.147134
22.905063 19.274187
18.722397 23.401990
8.030614 16.576842
9.656011 17.349674
-3.672674 19.039284
5.464756 17.979171
14.580262 22.062533
25.079621 23.503942
3.902480 17.891271
9.517655 17.335460
0.353186 15.435109
0.856076 15.255663
0.228345 18.604002
0.587290 18.186509
-2.625006 16.048320
-0.989321 15.919086
8.211089 9.807695
6.121189 11.706201
11.432200 13.249664
11.048092 12.539786
11.690478 15.416452
10.855444 17.885120
11.932107 17.573275
12.744390 18.288875
11.341277 15.569773
10.203282 18.269468
8.768311 16.864134
9.803116 12.233788
7.139970 16.709031
7.285101 15.339883
8.024523 14.869588
22.645638 14.816023
22.868345 14.114853
-4.090211 22.479679
15.209445 13.755863
17.474847 15.300663
18.876297 15.694818
1.861611 12.640878
2.457961 11.426974
3.251348 12.383723
7.515044 13.288852
7.520029 15.506388
9.463791 15.641287
18.287490 19.021131
5.917289 10.892751
18.435871 15.917135
14.319332 15.097176
4.886002 13.078287
7.777357 16.969521
17.498745 16.620346
19.109752 17.447818
14.265897 21.646720
0.817354 13.782613
-1.137869 12.500839
1.292916 12.877131
0.004283 12.065622
1.273307 12.568532
0.793795 18.599703
16.597727 12.115400
6.394180 11.926614
10.317009 10.720112
15.655874 15.723227
17.451875 13.608740
1.377893 13.931470
-1.220375 14.189934
0.687849 17.859518
-0.951220 11.100154
0.006849 10.915132
1.492205 15.494525
20.683841 15.958321
19.955011 13.398894
12.140682 16.266988
11.285515 16.506871
23.473369 12.900033
22.450763 15.950724
23.205791 15.900521
22.293064 15.396374
2.650875 10.658848
8.460541 11.861481
7.270334 18.840962
8.083506 16.080380
8.281755 19.127078
7.622375 19.374197
7.336167 16.170353
10.054568 20.080151
14.104041 24.316641
20.088695 12.288008
19.093042 14.246776
19.149082 12.218049
19.948305 14.080145
11.824441 11.709826
11.737092 10.678001
8.737850 12.031851
12.685335 10.528203
3.874900 12.056107
1.507003 14.039202
1.079037 12.362860
21.833986 12.293188
23.074490 15.408646
8.791125 16.156357
7.659430 9.814997
6.580386 10.407393
-0.577567 13.933690
-0.296010 11.604788
-0.135401 12.896222
10.942395 16.134765
2.596378 12.039542
21.750263 14.623198
17.702788 18.489582
22.027809 12.785230
4.125948 15.086895
7.324570 16.900392
7.662137 15.535614
0.643074 13.263884
10.485737 10.334595
8.755963 11.441594
6.093898 10.688678
19.082376 12.022120
16.733432 14.011595
10.620673 14.905196
11.015910 13.286988
11.312091 10.218205
6.241681 13.922134
9.480661 14.192233
2.513800 11.668213
6.028998 11.083252
2.578165 14.727582
0.648646 18.221935
0.479412 15.216630
18.485497 12.644515
16.250071 14.579747
19.022261 12.901421
6.141878 11.801109
2.990430 11.138343
25.222618 17.236819
18.128127 16.736597
19.153350 20.606163
-0.663299 14.148879
1.309870 13.623899
-1.916729 13.416935
14.685340 22.357767
10.943356 17.884443
15.354843 20.840815
3.087299 12.243575
0.644973 11.478432
0.651014 12.640746
20.226593 11.625431
6.801808 11.781240
4.249387 12.970687
5.931818 13.335389
3.027195 11.758200
4.095105 12.659014
1.920421 12.405036
2.917299 11.570112
2.585001 11.400806
2.283700 15.077306
6.794073 17.858454
4.962053 15.397489
6.592972 17.313081
3.480803 14.979688
6.442055 14.208615
6.354045 16.053146
5.714129 14.782408
0.560745 15.116477
-0.998753 15.084232
3.914811 13.492948
11.331396 16.934926
8.632103 11.955362
9.218577 13.372802
10.402572 13.370401
11.869001 10.794249
2.059446 12.006822
1.208494 15.799236
2.598226 12.210786
-1.050326 12.913757
-3.234540 16.330563
21.422667 15.914163
17.158631 15.959360
2.091499 12.950496
0.235419 12.646733
1.449209 11.006472
4.247201 11.568346
5.870006 10.349785
1.532817 15.702535
3.458962 11.414939
20.450755 13.212178
16.961234 15.969624
21.431598 13.934382
17.633241 17.250985
0.587377 12.013768
9.230815 14.608186
10.247238 14.000649
10.177860 19.016249
11.412118 16.110998
15.953474 10.322110
-1.302762 19.987537
0.843484 16.971831
21.067495 10.635927
18.154614 11.579146
17.835182 21.071070
12.803482 15.378015
2.519137 17.458668
0.866289 19.312937
4.379941 14.506557
3.761007 15.297861
-0.845976 26.652367
17.400230 16.380142
2.764313 12.235998
16.375986 15.555611
14.974328 13.659376
23.369700 15.726058
23.168809 12.607805
9.043016 15.881527
2.182399 11.871765
3.008418 12.531775
2.337247 12.680808
3.012183 11.411575
5.813809 11.442553
6.701922 18.729185
5.262681 16.557779
5.259517 15.755931
9.291890 14.384507
8.294725 13.882361
0.623871 15.844041
-1.920947 16.757185
7.625096 14.739470
7.302469 17.478880
-2.120561 13.272377
11.820134 16.169968
-0.586228 14.572666
1.334645 15.322030
25.382676 16.398783
12.861792 13.543628
11.240149 14.358627
3.401889 17.786720
9.565898 15.604571
1.931038 14.371417
19.952801 20.594660
16.935978 13.062170
4.473029 14.870253
24.155564 15.979174
20.321102 12.929328
-1.093552 12.721816
-0.795360 12.596505
14.280480 19.602681
-3.378839 19.480555
16.228605 12.999550
15.242834 14.584510
20.878077 17.264387
20.232689 11.470176
11.518845 12.331731
16.208111 10.993958
19.417077 10.400607
0.452170 11.742441
0.444546 11.621598
1.524157 11.756460
11.404740 14.382752
8.788635 18.587356
10.469112 15.598830
0.861248 11.499282
1.450536 12.825861
2.119569 11.439323
6.963337 15.945088
22.654386 13.081910
5.680953 13.109816
-0.213566 11.151096
0.316943 13.690470
10.749460 15.339453
10.526493 14.358187
0.732095 14.491662
1.059690 15.090088
3.955640 15.229077
0.502937 12.626033
20.959932 11.027748
13.690031 13.256136
3.968528 13.045891
1.916796 13.371994
-0.063305 12.037858
13.853474 13.887049
1.435676 15.655754
10.974211 13.398737
11.410153 15.404592
-2.843944 16.993508
-4.270486 17.904116
21.054974 14.377740
7.671152 13.367756
1.282241 13.908063
5.834424 15.180520
0.883011 11.773445
16.846269 14.825919
23.789772 12.799971
23.196823 13.500905
2.807346 14.566601
-0.091628 11.567800
0.363654 12.941051
21.292688 19.148388
