-7.140999999999999659e+01 -2.882000000000000028e+01 2.498999999999999844e+01 1.091000000000000014e+01 2.100000000000000089e+00 1.899999999999999911e+00
-7.134000000000000341e+01 -3.069000000000000128e+01 2.576999999999999957e+01 1.094999999999999929e+01 2.100000000000000089e+00 1.899999999999999911e+00
-7.162999999999999545e+01 -3.354999999999999716e+01 2.089000000000000057e+01 9.779999999999999361e+00 2.000000000000000000e+00 1.899999999999999911e+00
-7.081999999999999318e+01 -3.367999999999999972e+01 2.264999999999999858e+01 7.150000000000000355e+00 2.000000000000000000e+00 1.899999999999999911e+00
-7.068999999999999773e+01 -3.295000000000000284e+01 2.276000000000000156e+01 3.450000000000000178e+00 2.000000000000000000e+00 1.899999999999999911e+00
-7.006999999999999318e+01 -3.282000000000000028e+01 1.538000000000000078e+01 -4.240000000000000213e+00 1.899999999999999911e+00 1.899999999999999911e+00
-6.695000000000000284e+01 -2.942000000000000171e+01 1.018999999999999950e+01 1.010000000000000009e+00 2.100000000000000089e+00 1.899999999999999911e+00
-6.848000000000000398e+01 -2.950000000000000000e+01 1.090000000000000036e+01 5.209999999999999964e+00 2.000000000000000000e+00 1.899999999999999911e+00
-6.906000000000000227e+01 -3.058999999999999986e+01 9.550000000000000711e+00 5.169999999999999929e+00 1.899999999999999911e+00 1.899999999999999911e+00
-6.854000000000000625e+01 -3.185999999999999943e+01 7.809999999999999609e+00 -9.399999999999999467e-01 1.899999999999999911e+00 1.899999999999999911e+00
-7.050000000000000000e+01 -2.985000000000000142e+01 2.237000000000000099e+01 1.089000000000000057e+01 2.000000000000000000e+00 1.899999999999999911e+00
-7.079999999999999716e+01 -3.019999999999999929e+01 2.373000000000000043e+01 7.429999999999999716e+00 1.899999999999999911e+00 1.899999999999999911e+00
-7.062999999999999545e+01 -3.189000000000000057e+01 2.269000000000000128e+01 8.189999999999999503e+00 2.000000000000000000e+00 1.899999999999999911e+00
-7.029000000000000625e+01 -2.885999999999999943e+01 2.103000000000000114e+01 9.630000000000000782e+00 2.000000000000000000e+00 1.899999999999999911e+00
-6.684999999999999432e+01 -3.288000000000000256e+01 2.330000000000000071e+00 -3.069999999999999840e+00 1.899999999999999911e+00 1.899999999999999911e+00
-6.929999999999999716e+01 -3.180000000000000071e+01 1.357000000000000028e+01 5.150000000000000355e+00 1.899999999999999911e+00 1.899999999999999911e+00
-7.101000000000000512e+01 -3.105999999999999872e+01 2.110999999999999943e+01 7.200000000000000178e+00 1.899999999999999911e+00 1.899999999999999911e+00
-7.045999999999999375e+01 -3.073999999999999844e+01 1.730999999999999872e+01 6.559999999999999609e+00 2.100000000000000089e+00 1.899999999999999911e+00
-6.732999999999999829e+01 -3.144999999999999929e+01 2.509999999999999787e+00 -1.800000000000000044e+00 1.899999999999999911e+00 1.899999999999999911e+00
-7.187999999999999545e+01 -3.396000000000000085e+01 2.448999999999999844e+01 1.088000000000000078e+01 2.000000000000000000e+00 1.899999999999999911e+00
-6.982999999999999829e+01 -3.019000000000000128e+01 1.714000000000000057e+01 -4.000000000000000083e-02 1.899999999999999911e+00 1.899999999999999911e+00
-7.156999999999999318e+01 -3.153000000000000114e+01 2.755999999999999872e+01 8.140000000000000568e+00 2.000000000000000000e+00 1.899999999999999911e+00
-6.765000000000000568e+01 -2.842999999999999972e+01 9.849999999999999645e+00 -9.499999999999999556e-01 1.899999999999999911e+00 1.899999999999999911e+00
-6.667000000000000171e+01 -3.116000000000000014e+01 3.910000000000000142e+00 -2.009999999999999787e+00 1.899999999999999911e+00 1.899999999999999911e+00
-7.150000000000000000e+01 -3.025000000000000000e+01 1.960000000000000142e+01 5.679999999999999716e+00 1.899999999999999911e+00 1.899999999999999911e+00
-6.929999999999999716e+01 -3.253000000000000114e+01 1.016000000000000014e+01 4.049999999999999822e+00 1.899999999999999911e+00 1.899999999999999911e+00
-7.146999999999999886e+01 -3.254999999999999716e+01 2.305999999999999872e+01 1.235999999999999943e+01 2.000000000000000000e+00 1.899999999999999911e+00
-6.620999999999999375e+01 -3.078000000000000114e+01 5.780000000000000249e+00 2.259999999999999787e+00 6.800000000000000488e-01 7.700000000000000178e-01
-6.843000000000000682e+01 -3.089000000000000057e+01 9.720000000000000639e+00 2.319999999999999840e+00 3.400000000000000244e-01 7.299999999999999822e-01
-6.895000000000000284e+01 -3.085000000000000142e+01 1.128999999999999915e+01 4.379999999999999893e+00 8.299999999999999600e-01 8.499999999999999778e-01
-6.868999999999999773e+01 -3.087999999999999901e+01 1.138000000000000078e+01 5.910000000000000142e+00 1.060000000000000053e+00 1.060000000000000053e+00
-6.854999999999999716e+01 -3.028999999999999915e+01 9.980000000000000426e+00 4.870000000000000107e+00 5.699999999999999512e-01 5.100000000000000089e-01
-6.840000000000000568e+01 -3.023000000000000043e+01 1.001999999999999957e+01 3.970000000000000195e+00 9.499999999999999556e-01 8.699999999999999956e-01
-6.818999999999999773e+01 -3.007999999999999829e+01 9.019999999999999574e+00 3.310000000000000053e+00 8.499999999999999778e-01 1.129999999999999893e+00
-6.878000000000000114e+01 -3.026000000000000156e+01 1.115000000000000036e+01 3.640000000000000124e+00 5.999999999999999778e-01 1.860000000000000098e+00
-6.901000000000000512e+01 -3.023000000000000043e+01 1.308000000000000007e+01 5.429999999999999716e+00 6.500000000000000222e-01 5.500000000000000444e-01
-6.906999999999999318e+01 -3.019999999999999929e+01 1.434999999999999964e+01 5.629999999999999893e+00 7.500000000000000000e-01 1.060000000000000053e+00
-6.907999999999999829e+01 -3.064000000000000057e+01 1.276999999999999957e+01 4.519999999999999574e+00 4.199999999999999845e-01 5.500000000000000444e-01
-6.759000000000000341e+01 -3.082000000000000028e+01 9.480000000000000426e+00 2.910000000000000142e+00 1.000000000000000000e+00 6.099999999999999867e-01
-6.796999999999999886e+01 -3.014999999999999858e+01 7.269999999999999574e+00 2.839999999999999858e+00 5.699999999999999512e-01 5.200000000000000178e-01
-6.915999999999999659e+01 -3.307000000000000028e+01 1.011999999999999922e+01 3.979999999999999982e+00 1.570000000000000062e+00 1.520000000000000018e+00
-6.906999999999999318e+01 -3.329999999999999716e+01 1.159999999999999964e+01 4.919999999999999929e+00 2.069999999999999840e+00 6.500000000000000222e-01
-6.884000000000000341e+01 -3.314999999999999858e+01 9.949999999999999289e+00 3.689999999999999947e+00 6.400000000000000133e-01 1.010000000000000009e+00
-6.879999999999999716e+01 -3.306000000000000227e+01 7.259999999999999787e+00 2.600000000000000089e+00 1.139999999999999902e+00 2.200000000000000178e+00
-6.879000000000000625e+01 -3.309000000000000341e+01 8.470000000000000639e+00 4.230000000000000426e+00 8.499999999999999778e-01 1.510000000000000009e+00
-6.871999999999999886e+01 -3.324000000000000199e+01 7.179999999999999716e+00 3.709999999999999964e+00 8.800000000000000044e-01 1.479999999999999982e+00
-6.873999999999999488e+01 -3.324000000000000199e+01 7.940000000000000391e+00 4.820000000000000284e+00 5.500000000000000444e-01 3.800000000000000044e-01
-6.879000000000000625e+01 -3.325999999999999801e+01 9.560000000000000497e+00 4.120000000000000107e+00 6.600000000000000311e-01 9.200000000000000400e-01
-6.867000000000000171e+01 -3.160999999999999943e+01 1.299000000000000021e+01 3.089999999999999858e+00 2.099999999999999922e-01 1.900000000000000022e-01
-6.823000000000000398e+01 -3.160000000000000142e+01 8.890000000000000568e+00 2.540000000000000036e+00 5.000000000000000278e-02 5.000000000000000278e-02
-7.151999999999999602e+01 -3.175000000000000000e+01 2.703999999999999915e+01 9.109999999999999432e+00 7.199999999999999734e-01 9.499999999999999556e-01
-6.942000000000000171e+01 -3.137000000000000099e+01 1.787999999999999901e+01 5.889999999999999680e+00 8.000000000000000444e-01 2.800000000000000266e-01
-7.098000000000000398e+01 -3.114999999999999858e+01 2.726999999999999957e+01 9.949999999999999289e+00 7.399999999999999911e-01 1.000000000000000000e+00
-7.015000000000000568e+01 -2.898000000000000043e+01 2.323999999999999844e+01 7.120000000000000107e+00 7.399999999999999911e-01 8.900000000000000133e-01
-6.842000000000000171e+01 -2.948999999999999844e+01 1.002999999999999936e+01 3.129999999999999893e+00 1.169999999999999929e+00 5.999999999999999778e-01
-7.121999999999999886e+01 -2.848000000000000043e+01 3.089999999999999858e+01 9.250000000000000000e+00 9.799999999999999822e-01 1.159999999999999920e+00
-7.009000000000000341e+01 -2.998000000000000043e+01 2.026999999999999957e+01 8.519999999999999574e+00 1.689999999999999947e+00 1.659999999999999920e+00
-6.793000000000000682e+01 -3.130999999999999872e+01 9.130000000000000782e+00 3.069999999999999840e+00 6.800000000000000488e-01 1.000000000000000000e+00
-7.079000000000000625e+01 -3.021000000000000085e+01 2.283999999999999986e+01 1.072000000000000064e+01 6.700000000000000400e-01 7.800000000000000266e-01
-7.154999999999999716e+01 -3.293999999999999773e+01 3.026999999999999957e+01 1.434999999999999964e+01 3.300000000000000155e-01 5.400000000000000355e-01
-6.975000000000000000e+01 -3.032000000000000028e+01 1.730000000000000071e+01 7.230000000000000426e+00 1.120000000000000107e+00 7.299999999999999822e-01
-6.817000000000000171e+01 -3.132999999999999829e+01 1.157000000000000028e+01 3.279999999999999805e+00 6.600000000000000311e-01 5.400000000000000355e-01
-7.150000000000000000e+01 -3.058999999999999986e+01 2.523000000000000043e+01 1.048000000000000043e+01 7.199999999999999734e-01 1.159999999999999920e+00
-6.979000000000000625e+01 -2.817000000000000171e+01 2.144000000000000128e+01 6.599999999999999645e+00 6.500000000000000222e-01 1.399999999999999911e+00
-7.120999999999999375e+01 -3.240999999999999659e+01 2.423000000000000043e+01 1.036999999999999922e+01 6.199999999999999956e-01 4.199999999999999845e-01
-7.162999999999999545e+01 -3.363000000000000256e+01 2.560999999999999943e+01 1.300000000000000000e+01 5.799999999999999600e-01 3.099999999999999978e-01
-7.067000000000000171e+01 -3.314999999999999858e+01 2.100000000000000000e+01 6.599999999999999645e+00 5.000000000000000278e-02 8.000000000000000167e-02
-7.075000000000000000e+01 -2.923999999999999844e+01 2.283999999999999986e+01 6.980000000000000426e+00 6.500000000000000222e-01 4.799999999999999822e-01
-6.742000000000000171e+01 -2.826000000000000156e+01 9.949999999999999289e+00 3.799999999999999822e+00 2.399999999999999911e+00 1.250000000000000000e+00
-7.123999999999999488e+01 -2.946000000000000085e+01 2.242999999999999972e+01 9.320000000000000284e+00 8.299999999999999600e-01 8.699999999999999956e-01
-6.934999999999999432e+01 -3.268999999999999773e+01 1.243999999999999950e+01 5.009999999999999787e+00 7.600000000000000089e-01 9.100000000000000311e-01
-7.067000000000000171e+01 -3.314999999999999858e+01 2.058999999999999986e+01 6.179999999999999716e+00 2.000000000000000111e-01 2.999999999999999889e-01
-7.153000000000000114e+01 -3.734000000000000341e+01 1.794000000000000128e+01 2.100000000000000089e+00 4.799999999999999822e-01 5.899999999999999689e-01
-6.823000000000000398e+01 -3.160000000000000142e+01 9.060000000000000497e+00 2.919999999999999929e+00 2.999999999999999889e-01 2.999999999999999889e-01
-7.093000000000000682e+01 -2.937999999999999901e+01 1.980999999999999872e+01 9.330000000000000071e+00 1.320000000000000062e+00 1.320000000000000062e+00
-7.110999999999999943e+01 -2.896999999999999886e+01 2.666000000000000014e+01 8.060000000000000497e+00 1.209999999999999964e+00 1.209999999999999964e+00
-7.104999999999999716e+01 -2.950000000000000000e+01 1.800000000000000000e+01 1.068999999999999950e+01 1.320000000000000062e+00 1.320000000000000062e+00
-7.081000000000000227e+01 -3.098000000000000043e+01 2.260999999999999943e+01 9.460000000000000853e+00 1.110000000000000098e+00 1.110000000000000098e+00
-7.106999999999999318e+01 -3.028000000000000114e+01 2.060999999999999943e+01 1.092999999999999972e+01 9.000000000000000222e-01 9.100000000000000311e-01
-7.095000000000000284e+01 -2.964000000000000057e+01 2.048999999999999844e+01 1.021000000000000085e+01 1.219999999999999973e+00 1.209999999999999964e+00
-7.140999999999999659e+01 -2.882000000000000028e+01 3.060999999999999943e+01 1.131000000000000050e+01 1.209999999999999964e+00 1.209999999999999964e+00
-7.134000000000000341e+01 -3.069000000000000128e+01 2.223000000000000043e+01 9.359999999999999432e+00 9.100000000000000311e-01 9.100000000000000311e-01
-7.148999999999999488e+01 -3.026000000000000156e+01 2.146999999999999886e+01 1.123000000000000043e+01 9.000000000000000222e-01 9.000000000000000222e-01
-7.118000000000000682e+01 -2.828000000000000114e+01 2.892000000000000171e+01 9.980000000000000426e+00 1.969999999999999973e+00 1.969999999999999973e+00
-7.120999999999999375e+01 -3.096000000000000085e+01 2.308999999999999986e+01 1.014000000000000057e+01 9.100000000000000311e-01 9.100000000000000311e-01
-6.823000000000000398e+01 -3.160000000000000142e+01 1.249000000000000021e+01 4.230000000000000426e+00 8.399999999999999689e-01 8.399999999999999689e-01
-7.103000000000000114e+01 -3.089999999999999858e+01 2.257999999999999829e+01 9.970000000000000639e+00 9.100000000000000311e-01 9.100000000000000311e-01
-7.050000000000000000e+01 -2.985000000000000142e+01 1.810000000000000142e+01 8.019999999999999574e+00 9.100000000000000311e-01 9.100000000000000311e-01
-7.112000000000000455e+01 -3.148999999999999844e+01 2.291000000000000014e+01 7.320000000000000284e+00 1.290000000000000036e+00 1.290000000000000036e+00
-7.120999999999999375e+01 -3.110999999999999943e+01 2.457000000000000028e+01 1.055000000000000071e+01 9.499999999999999556e-01 9.499999999999999556e-01
-7.100000000000000000e+01 -3.119000000000000128e+01 2.426999999999999957e+01 1.068999999999999950e+01 1.050000000000000044e+00 1.050000000000000044e+00
-7.079999999999999716e+01 -3.019999999999999929e+01 2.012000000000000099e+01 1.134999999999999964e+01 1.239999999999999991e+00 1.239999999999999991e+00
-7.145999999999999375e+01 -3.139999999999999858e+01 2.555999999999999872e+01 1.284999999999999964e+01 1.000000000000000000e+00 1.000000000000000000e+00
-7.129000000000000625e+01 -3.167000000000000171e+01 2.312999999999999901e+01 8.300000000000000711e+00 1.290000000000000036e+00 1.290000000000000036e+00
-7.098000000000000398e+01 -3.114999999999999858e+01 2.250000000000000000e+01 9.050000000000000711e+00 1.060000000000000053e+00 1.060000000000000053e+00
-7.015000000000000568e+01 -2.898000000000000043e+01 2.023999999999999844e+01 6.629999999999999893e+00 1.489999999999999991e+00 1.479999999999999982e+00
-7.140999999999999659e+01 -2.910000000000000142e+01 2.657999999999999829e+01 1.155000000000000071e+01 1.110000000000000098e+00 1.110000000000000098e+00
-7.167000000000000171e+01 -3.092999999999999972e+01 2.848999999999999844e+01 1.335999999999999943e+01 7.900000000000000355e-01 7.900000000000000355e-01
-7.114000000000000057e+01 -2.805999999999999872e+01 2.346999999999999886e+01 1.052999999999999936e+01 2.009999999999999787e+00 2.000000000000000000e+00
-7.065999999999999659e+01 -3.346000000000000085e+01 2.291000000000000014e+01 8.179999999999999716e+00 9.899999999999999911e-01 9.899999999999999911e-01
-7.089000000000000057e+01 -2.896000000000000085e+01 2.546999999999999886e+01 7.089999999999999858e+00 1.209999999999999964e+00 1.209999999999999964e+00
-7.143000000000000682e+01 -3.141000000000000014e+01 2.346000000000000085e+01 9.080000000000000071e+00 1.070000000000000062e+00 1.060000000000000053e+00
-7.118999999999999773e+01 -3.017999999999999972e+01 1.975000000000000000e+01 1.057000000000000028e+01 9.000000000000000222e-01 9.100000000000000311e-01
-7.165999999999999659e+01 -3.114999999999999858e+01 3.066000000000000014e+01 1.203999999999999915e+01 8.199999999999999512e-01 8.199999999999999512e-01
-7.168000000000000682e+01 -3.051000000000000156e+01 2.383999999999999986e+01 1.200999999999999979e+01 7.900000000000000355e-01 7.900000000000000355e-01
-7.145000000000000284e+01 -3.121999999999999886e+01 2.514000000000000057e+01 1.068999999999999950e+01 9.100000000000000311e-01 9.100000000000000311e-01
-7.029000000000000625e+01 -2.885999999999999943e+01 2.003000000000000114e+01 1.011999999999999922e+01 1.489999999999999991e+00 1.479999999999999982e+00
-7.101999999999999602e+01 -2.855999999999999872e+01 2.780999999999999872e+01 7.280000000000000249e+00 1.320000000000000062e+00 1.320000000000000062e+00
-7.043999999999999773e+01 -2.851999999999999957e+01 2.273000000000000043e+01 7.690000000000000391e+00 1.510000000000000009e+00 1.500000000000000000e+00
-7.084999999999999432e+01 -3.037999999999999901e+01 1.919000000000000128e+01 1.071000000000000085e+01 9.100000000000000311e-01 9.100000000000000311e-01
-7.137999999999999545e+01 -3.000000000000000000e+01 2.003000000000000114e+01 1.028999999999999915e+01 9.100000000000000311e-01 9.100000000000000311e-01
-7.131999999999999318e+01 -2.894000000000000128e+01 2.619000000000000128e+01 1.083999999999999986e+01 1.209999999999999964e+00 1.209999999999999964e+00
-7.131000000000000227e+01 -2.967999999999999972e+01 2.035000000000000142e+01 9.949999999999999289e+00 1.229999999999999982e+00 1.209999999999999964e+00
-7.121999999999999886e+01 -2.848000000000000043e+01 3.339000000000000057e+01 8.330000000000000071e+00 1.510000000000000009e+00 1.510000000000000009e+00
-7.106000000000000227e+01 -2.923999999999999844e+01 2.098999999999999844e+01 9.080000000000000071e+00 1.219999999999999973e+00 1.219999999999999973e+00
-7.009000000000000341e+01 -2.998000000000000043e+01 1.741000000000000014e+01 7.290000000000000036e+00 1.129999999999999893e+00 1.129999999999999893e+00
-7.112000000000000455e+01 -2.982999999999999829e+01 1.635000000000000142e+01 8.470000000000000639e+00 2.169999999999999929e+00 2.140000000000000124e+00
-7.143999999999999773e+01 -3.078999999999999915e+01 2.248000000000000043e+01 9.900000000000000355e+00 9.499999999999999556e-01 9.499999999999999556e-01
-7.126000000000000512e+01 -2.928000000000000114e+01 2.087000000000000099e+01 1.024000000000000021e+01 1.320000000000000062e+00 1.320000000000000062e+00
-7.101000000000000512e+01 -3.105999999999999872e+01 2.283999999999999986e+01 9.550000000000000711e+00 1.209999999999999964e+00 1.199999999999999956e+00
-7.045999999999999375e+01 -3.073999999999999844e+01 1.955000000000000071e+01 8.720000000000000639e+00 9.100000000000000311e-01 9.100000000000000311e-01
-7.125000000000000000e+01 -3.035999999999999943e+01 1.905999999999999872e+01 1.185999999999999943e+01 9.100000000000000311e-01 9.100000000000000311e-01
-7.125000000000000000e+01 -2.991000000000000014e+01 2.107999999999999829e+01 1.081000000000000050e+01 9.000000000000000222e-01 9.000000000000000222e-01
-7.151000000000000512e+01 -3.191000000000000014e+01 2.475000000000000000e+01 8.970000000000000639e+00 9.000000000000000222e-01 9.100000000000000311e-01
-7.101000000000000512e+01 -3.069999999999999929e+01 2.191000000000000014e+01 1.081000000000000050e+01 1.010000000000000009e+00 1.010000000000000009e+00
-6.887999999999999545e+01 -3.289999999999999858e+01 1.058000000000000007e+01 4.959999999999999964e+00 9.899999999999999911e-01 9.899999999999999911e-01
-6.815000000000000568e+01 -3.325999999999999801e+01 6.959999999999999964e+00 2.600000000000000089e+00 1.459999999999999964e+00 1.459999999999999964e+00
-7.146999999999999886e+01 -3.046999999999999886e+01 2.203000000000000114e+01 1.001999999999999957e+01 1.110000000000000098e+00 1.110000000000000098e+00
-7.118999999999999773e+01 -3.128999999999999915e+01 2.278999999999999915e+01 1.025000000000000000e+01 9.100000000000000311e-01 9.100000000000000311e-01
-7.120000000000000284e+01 -3.060000000000000142e+01 2.189999999999999858e+01 1.165000000000000036e+01 7.900000000000000355e-01 7.900000000000000355e-01
-7.159999999999999432e+01 -3.046000000000000085e+01 2.230999999999999872e+01 9.560000000000000497e+00 9.499999999999999556e-01 9.499999999999999556e-01
-7.160999999999999943e+01 -3.030999999999999872e+01 2.516000000000000014e+01 9.669999999999999929e+00 2.169999999999999929e+00 2.140000000000000124e+00
-7.145999999999999375e+01 -2.925000000000000000e+01 2.448999999999999844e+01 1.090000000000000036e+01 1.209999999999999964e+00 1.209999999999999964e+00
-7.068999999999999773e+01 -3.083999999999999986e+01 2.151999999999999957e+01 1.091999999999999993e+01 1.189999999999999947e+00 1.189999999999999947e+00
-7.162999999999999545e+01 -3.067999999999999972e+01 2.480000000000000071e+01 1.144999999999999929e+01 1.000000000000000000e+00 1.000000000000000000e+00
-7.120999999999999375e+01 -3.082000000000000028e+01 2.292000000000000171e+01 1.017999999999999972e+01 9.100000000000000311e-01 9.100000000000000311e-01
-7.150000000000000000e+01 -3.058999999999999986e+01 2.201999999999999957e+01 1.051999999999999957e+01 9.000000000000000222e-01 9.100000000000000311e-01
-7.012999999999999545e+01 -3.284000000000000341e+01 1.926999999999999957e+01 8.070000000000000284e+00 9.000000000000000222e-01 9.000000000000000222e-01
-7.034999999999999432e+01 -2.917999999999999972e+01 1.823000000000000043e+01 7.450000000000000178e+00 1.250000000000000000e+00 1.239999999999999991e+00
-7.156999999999999318e+01 -3.153000000000000114e+01 2.567999999999999972e+01 9.289999999999999147e+00 9.200000000000000400e-01 9.100000000000000311e-01
-7.160999999999999943e+01 -3.364999999999999858e+01 2.766000000000000014e+01 1.363000000000000078e+01 1.979999999999999982e+00 1.979999999999999982e+00
-7.101000000000000512e+01 -3.297999999999999687e+01 2.314999999999999858e+01 1.124000000000000021e+01 1.979999999999999982e+00 1.969999999999999973e+00
-7.067000000000000171e+01 -3.314999999999999858e+01 2.269000000000000128e+01 8.169999999999999929e+00 9.000000000000000222e-01 9.100000000000000311e-01
-7.045999999999999375e+01 -2.892999999999999972e+01 2.169999999999999929e+01 6.610000000000000320e+00 1.229999999999999982e+00 1.229999999999999982e+00
-7.090999999999999659e+01 -2.989000000000000057e+01 1.950000000000000000e+01 9.130000000000000782e+00 1.290000000000000036e+00 1.290000000000000036e+00
-7.073999999999999488e+01 -2.925000000000000000e+01 2.083999999999999986e+01 6.730000000000000426e+00 1.100000000000000089e+00 1.100000000000000089e+00
-7.095999999999999375e+01 -3.178000000000000114e+01 2.144000000000000128e+01 9.269999999999999574e+00 7.600000000000000089e-01 7.600000000000000089e-01
-7.139000000000000057e+01 -3.101999999999999957e+01 2.376999999999999957e+01 1.001999999999999957e+01 9.000000000000000222e-01 9.100000000000000311e-01
-7.104000000000000625e+01 -3.048000000000000043e+01 2.023999999999999844e+01 1.015000000000000036e+01 9.100000000000000311e-01 9.100000000000000311e-01
-7.123999999999999488e+01 -2.946000000000000085e+01 2.125000000000000000e+01 9.990000000000000213e+00 1.209999999999999964e+00 1.209999999999999964e+00
-7.081000000000000227e+01 -3.017000000000000171e+01 2.014999999999999858e+01 9.759999999999999787e+00 8.100000000000000533e-01 8.100000000000000533e-01
-7.150000000000000000e+01 -3.025000000000000000e+01 2.151999999999999957e+01 9.769999999999999574e+00 1.090000000000000080e+00 1.080000000000000071e+00
-6.857999999999999829e+01 -3.153999999999999915e+01 1.107000000000000028e+01 4.839999999999999858e+00 1.280000000000000027e+00 1.280000000000000027e+00
-7.076000000000000512e+01 -2.857000000000000028e+01 2.564000000000000057e+01 6.419999999999999929e+00 1.110000000000000098e+00 1.110000000000000098e+00
-7.162999999999999545e+01 -3.303000000000000114e+01 2.878999999999999915e+01 1.222000000000000064e+01 9.899999999999999911e-01 9.899999999999999911e-01
-7.075000000000000000e+01 -3.073999999999999844e+01 1.923000000000000043e+01 1.031000000000000050e+01 1.110000000000000098e+00 1.110000000000000098e+00
-7.025000000000000000e+01 -3.335000000000000142e+01 1.900000000000000000e+01 7.309999999999999609e+00 9.000000000000000222e-01 9.100000000000000311e-01
-7.195999999999999375e+01 -3.531000000000000227e+01 3.284000000000000341e+01 9.220000000000000639e+00 4.799999999999999822e-01 2.099999999999999922e-01
-7.220000000000000284e+01 -3.664000000000000057e+01 2.732999999999999829e+01 8.730000000000000426e+00 9.899999999999999911e-01 3.499999999999999778e-01
-7.281000000000000227e+01 -3.624000000000000199e+01 3.370000000000000284e+01 1.338000000000000078e+01 9.499999999999999556e-01 3.099999999999999978e-01
-7.162000000000000455e+01 -3.734000000000000341e+01 1.794999999999999929e+01 3.930000000000000160e+00 5.100000000000000089e-01 2.600000000000000089e-01
-7.242000000000000171e+01 -3.532000000000000028e+01 3.707000000000000028e+01 1.181000000000000050e+01 8.599999999999999867e-01 2.700000000000000178e-01
-7.248999999999999488e+01 -3.540999999999999659e+01 3.550999999999999801e+01 1.269999999999999929e+01 1.060000000000000053e+00 3.499999999999999778e-01
-7.262999999999999545e+01 -3.559000000000000341e+01 3.584000000000000341e+01 1.303999999999999915e+01 8.100000000000000533e-01 2.999999999999999889e-01
-7.260999999999999943e+01 -3.582999999999999829e+01 3.456000000000000227e+01 1.303999999999999915e+01 3.499999999999999778e-01 1.499999999999999944e-01
-7.264000000000000057e+01 -3.584000000000000341e+01 3.574000000000000199e+01 1.296000000000000085e+01 9.599999999999999645e-01 3.300000000000000155e-01
-7.273999999999999488e+01 -3.595000000000000284e+01 3.563000000000000256e+01 1.341999999999999993e+01 1.100000000000000089e+00 3.699999999999999956e-01
-7.134999999999999432e+01 -3.567999999999999972e+01 2.594000000000000128e+01 4.700000000000000178e+00 3.200000000000000067e-01 1.400000000000000133e-01
-7.225000000000000000e+01 -3.546000000000000085e+01 3.509000000000000341e+01 1.059999999999999964e+01 9.499999999999999556e-01 3.200000000000000067e-01
-7.209000000000000341e+01 -3.556000000000000227e+01 3.279999999999999716e+01 9.869999999999999218e+00 7.500000000000000000e-01 2.899999999999999800e-01
-7.178000000000000114e+01 -3.561999999999999744e+01 2.964999999999999858e+01 6.910000000000000142e+00 6.999999999999999556e-01 4.799999999999999822e-01
-7.106999999999999318e+01 -3.571000000000000085e+01 2.191000000000000014e+01 6.660000000000000142e+00 4.500000000000000111e-01 1.900000000000000022e-01
-7.082999999999999829e+01 -3.581000000000000227e+01 1.821000000000000085e+01 2.899999999999999911e+00 5.899999999999999689e-01 2.200000000000000011e-01
-7.040000000000000568e+01 -3.599000000000000199e+01 1.266999999999999993e+01 2.700000000000000178e+00 5.799999999999999600e-01 2.899999999999999800e-01
-7.232999999999999829e+01 -3.735000000000000142e+01 2.316000000000000014e+01 8.490000000000000213e+00 2.120000000000000107e+00 1.350000000000000089e+00
-7.270000000000000284e+01 -3.725999999999999801e+01 2.701000000000000156e+01 1.183000000000000007e+01 6.800000000000000488e-01 3.099999999999999978e-01
-7.134000000000000341e+01 -3.736999999999999744e+01 1.557000000000000028e+01 3.459999999999999964e+00 5.400000000000000355e-01 2.700000000000000178e-01
-7.175000000000000000e+01 -3.732999999999999829e+01 1.816000000000000014e+01 4.719999999999999751e+00 7.299999999999999822e-01 3.200000000000000067e-01
-7.195000000000000284e+01 -3.740999999999999659e+01 2.005999999999999872e+01 4.910000000000000142e+00 5.000000000000000000e-01 2.399999999999999911e-01
-7.243999999999999773e+01 -3.640999999999999659e+01 3.126000000000000156e+01 9.710000000000000853e+00 4.600000000000000200e-01 2.000000000000000111e-01
-7.226999999999999602e+01 -3.517000000000000171e+01 3.265999999999999659e+01 1.309999999999999964e+01 6.700000000000000400e-01 2.600000000000000089e-01
-7.293999999999999773e+01 -3.728000000000000114e+01 3.146999999999999886e+01 1.152999999999999936e+01 6.800000000000000488e-01 3.099999999999999978e-01
-7.195999999999999375e+01 -3.575000000000000000e+01 3.075000000000000000e+01 8.769999999999999574e+00 3.499999999999999778e-01 1.600000000000000033e-01
-7.212000000000000455e+01 -3.609000000000000341e+01 2.957000000000000028e+01 8.630000000000000782e+00 3.099999999999999978e-01 1.400000000000000133e-01
-7.223000000000000398e+01 -3.739000000000000057e+01 2.435999999999999943e+01 7.740000000000000213e+00 1.469999999999999973e+00 6.199999999999999956e-01
-7.237999999999999545e+01 -3.721999999999999886e+01 2.742999999999999972e+01 9.980000000000000426e+00 6.899999999999999467e-01 2.999999999999999889e-01
-7.065999999999999659e+01 -3.346000000000000085e+01 2.371999999999999886e+01 9.429999999999999716e+00 1.659999999999999920e+00 5.999999999999999778e-01
-7.067000000000000171e+01 -3.314999999999999858e+01 2.023000000000000043e+01 7.709999999999999964e+00 2.099999999999999922e-01 1.000000000000000056e-01
-7.276999999999999602e+01 -3.674000000000000199e+01 2.948000000000000043e+01 1.200000000000000000e+01 1.370000000000000107e+00 1.189999999999999947e+00
-7.251999999999999602e+01 -3.725999999999999801e+01 2.635000000000000142e+01 6.169999999999999929e+00 2.740000000000000213e+00 5.500000000000000444e-01
-7.284999999999999432e+01 -3.721000000000000085e+01 2.994000000000000128e+01 8.640000000000000568e+00 2.310000000000000053e+00 1.370000000000000107e+00
-7.235999999999999943e+01 -3.684000000000000341e+01 2.951000000000000156e+01 7.690000000000000391e+00 2.250000000000000000e+00 6.999999999999999556e-01
-7.234000000000000341e+01 -3.746999999999999886e+01 2.253000000000000114e+01 9.509999999999999787e+00 1.669999999999999929e+00 4.799999999999999822e-01
-7.264000000000000057e+01 -3.877000000000000313e+01 1.614999999999999858e+01 1.186999999999999922e+01 9.799999999999999822e-01 7.299999999999999822e-01
-7.129000000000000625e+01 -3.882999999999999829e+01 7.700000000000000178e+00 4.200000000000000178e+00 6.899999999999999467e-01 7.800000000000000266e-01
-7.170999999999999375e+01 -3.846999999999999886e+01 1.133999999999999986e+01 4.379999999999999893e+00 7.399999999999999911e-01 2.600000000000000089e-01
-7.134999999999999432e+01 -3.789999999999999858e+01 1.278999999999999915e+01 4.299999999999999822e+00 1.139999999999999902e+00 8.699999999999999956e-01
-7.268999999999999773e+01 -3.760999999999999943e+01 2.296999999999999886e+01 8.730000000000000426e+00 2.750000000000000000e+00 1.399999999999999911e+00
-7.106999999999999318e+01 -3.860000000000000142e+01 9.919999999999999929e+00 4.650000000000000355e+00 1.010000000000000009e+00 5.600000000000000533e-01
-7.239000000000000057e+01 -3.834000000000000341e+01 1.673999999999999844e+01 8.210000000000000853e+00 1.400000000000000133e-01 0.000000000000000000e+00
-7.131999999999999318e+01 -3.665999999999999659e+01 2.058999999999999986e+01 6.259999999999999787e+00 7.800000000000000266e-01 8.699999999999999956e-01
-7.170999999999999375e+01 -3.896999999999999886e+01 1.200999999999999979e+01 5.150000000000000355e+00 1.080000000000000071e+00 8.900000000000000133e-01
-7.054000000000000625e+01 -3.345000000000000284e+01 1.916000000000000014e+01 7.540000000000000036e+00 9.399999999999999467e-01 9.699999999999999734e-01
-7.153000000000000114e+01 -3.734000000000000341e+01 1.608999999999999986e+01 4.139999999999999680e+00 1.760000000000000009e+00 1.629999999999999893e+00
-7.076999999999999602e+01 -3.417000000000000171e+01 2.189000000000000057e+01 8.339999999999999858e+00 1.010000000000000009e+00 9.300000000000000488e-01
-7.148999999999999488e+01 -3.026000000000000156e+01 2.019000000000000128e+01 9.369999999999999218e+00 1.110000000000000098e+00 1.350000000000000089e+00
-7.100000000000000000e+01 -3.119000000000000128e+01 2.226999999999999957e+01 8.300000000000000711e+00 1.189999999999999947e+00 1.300000000000000044e+00
-7.068999999999999773e+01 -2.903000000000000114e+01 2.039999999999999858e+01 7.240000000000000213e+00 1.110000000000000098e+00 1.429999999999999938e+00
-7.145999999999999375e+01 -3.139999999999999858e+01 2.428999999999999915e+01 9.400000000000000355e+00 1.379999999999999893e+00 1.419999999999999929e+00
-7.240999999999999659e+01 -3.532999999999999829e+01 3.556000000000000227e+01 1.183999999999999986e+01 1.270000000000000018e+00 1.370000000000000107e+00
-7.140999999999999659e+01 -2.910000000000000142e+01 2.353999999999999915e+01 1.192999999999999972e+01 9.599999999999999645e-01 9.599999999999999645e-01
-7.065999999999999659e+01 -3.346000000000000085e+01 2.226000000000000156e+01 9.380000000000000782e+00 2.060000000000000053e+00 1.820000000000000062e+00
-7.165999999999999659e+01 -3.114999999999999858e+01 2.864999999999999858e+01 1.063000000000000078e+01 1.169999999999999929e+00 1.340000000000000080e+00
-7.009000000000000341e+01 -2.998000000000000043e+01 1.671000000000000085e+01 8.039999999999999147e+00 1.580000000000000071e+00 1.479999999999999982e+00
-7.137999999999999545e+01 -3.739000000000000057e+01 1.594999999999999929e+01 4.089999999999999858e+00 1.949999999999999956e+00 1.800000000000000044e+00
-7.057999999999999829e+01 -3.284000000000000341e+01 1.982000000000000028e+01 8.689999999999999503e+00 1.050000000000000044e+00 8.699999999999999956e-01
-7.135999999999999943e+01 -3.846000000000000085e+01 7.809999999999999609e+00 3.919999999999999929e+00 2.000000000000000000e+00 1.310000000000000053e+00
-7.125000000000000000e+01 -2.991000000000000014e+01 1.969999999999999929e+01 8.970000000000000639e+00 1.209999999999999964e+00 1.449999999999999956e+00
-7.151000000000000512e+01 -3.191000000000000014e+01 2.117999999999999972e+01 7.669999999999999929e+00 1.909999999999999920e+00 1.530000000000000027e+00
-7.081999999999999318e+01 -3.581000000000000227e+01 1.889999999999999858e+01 6.690000000000000391e+00 1.520000000000000018e+00 1.520000000000000018e+00
-7.120000000000000284e+01 -3.060000000000000142e+01 2.242000000000000171e+01 9.779999999999999361e+00 1.729999999999999982e+00 1.679999999999999938e+00
-7.068999999999999773e+01 -3.083999999999999986e+01 2.073999999999999844e+01 9.480000000000000426e+00 1.229999999999999982e+00 1.489999999999999991e+00
-7.164000000000000057e+01 -3.067999999999999972e+01 2.396999999999999886e+01 9.929999999999999716e+00 1.379999999999999893e+00 1.229999999999999982e+00
-7.012999999999999545e+01 -3.284000000000000341e+01 1.876000000000000156e+01 7.299999999999999822e+00 1.590000000000000080e+00 1.600000000000000089e+00
-7.160999999999999943e+01 -3.364999999999999858e+01 2.471000000000000085e+01 1.217999999999999972e+01 9.000000000000000222e-01 9.200000000000000400e-01
-7.101999999999999602e+01 -3.297999999999999687e+01 2.121000000000000085e+01 1.085999999999999943e+01 9.499999999999999556e-01 1.110000000000000098e+00
-7.101999999999999602e+01 -3.297999999999999687e+01 2.121999999999999886e+01 1.084999999999999964e+01 9.599999999999999645e-01 1.110000000000000098e+00
-7.067000000000000171e+01 -3.314999999999999858e+01 2.233999999999999986e+01 9.019999999999999574e+00 1.189999999999999947e+00 1.530000000000000027e+00
-7.073999999999999488e+01 -2.925000000000000000e+01 1.930999999999999872e+01 7.589999999999999858e+00 9.399999999999999467e-01 1.000000000000000000e+00
-7.173000000000000398e+01 -3.559000000000000341e+01 3.153000000000000114e+01 5.919999999999999929e+00 1.959999999999999964e+00 1.590000000000000080e+00
-7.095999999999999375e+01 -3.178000000000000114e+01 2.278000000000000114e+01 1.050000000000000000e+01 1.260000000000000009e+00 1.340000000000000080e+00
-7.081000000000000227e+01 -3.017000000000000171e+01 1.882999999999999829e+01 9.349999999999999645e+00 1.300000000000000044e+00 1.429999999999999938e+00
-7.234000000000000341e+01 -3.746999999999999886e+01 2.417999999999999972e+01 7.200000000000000178e+00 1.189999999999999947e+00 1.219999999999999973e+00
-7.076000000000000512e+01 -2.857000000000000028e+01 2.303000000000000114e+01 7.919999999999999929e+00 9.200000000000000400e-01 9.899999999999999911e-01
-7.164000000000000057e+01 -3.303000000000000114e+01 2.714000000000000057e+01 1.422000000000000064e+01 1.639999999999999902e+00 1.580000000000000071e+00
-7.162999999999999545e+01 -3.303000000000000114e+01 2.630999999999999872e+01 1.438000000000000078e+01 1.719999999999999973e+00 1.949999999999999956e+00
-7.025000000000000000e+01 -3.335000000000000142e+01 1.808999999999999986e+01 6.759999999999999787e+00 1.419999999999999929e+00 1.320000000000000062e+00
-6.823000000000000398e+01 -3.160000000000000142e+01 8.269999999999999574e+00 2.899999999999999911e+00 1.820000000000000062e+00 1.750000000000000000e+00
-6.929999999999999716e+01 -3.178999999999999915e+01 1.477999999999999936e+01 5.250000000000000000e+00 2.140000000000000124e+00 1.399999999999999911e+00
-6.887999999999999545e+01 -3.289999999999999858e+01 9.859999999999999432e+00 4.299999999999999822e+00 1.919999999999999929e+00 1.590000000000000080e+00
-6.815000000000000568e+01 -3.325999999999999801e+01 5.240000000000000213e+00 9.100000000000000311e-01 1.860000000000000098e+00 1.469999999999999973e+00
-6.832999999999999829e+01 -3.461999999999999744e+01 5.110000000000000320e+00 1.899999999999999911e+00 1.840000000000000080e+00 1.280000000000000027e+00
-6.857999999999999829e+01 -3.153999999999999915e+01 1.000000000000000000e+01 4.299999999999999822e+00 1.750000000000000000e+00 1.389999999999999902e+00
-6.929000000000000625e+01 -3.180000000000000071e+01 1.459999999999999964e+01 7.209999999999999964e+00 1.550000000000000044e+00 1.459999999999999964e+00
