-7.054000000000000625e+01 -3.345000000000000284e+01 3.109999999999999876e+00 3.520000000000000018e+00
-7.153000000000000114e+01 -3.734000000000000341e+01 2.450000000000000178e+00 5.419999999999999929e+00
-7.076999999999999602e+01 -3.417000000000000171e+01 3.890000000000000124e+00 3.600000000000000089e+00
-7.148999999999999488e+01 -3.026000000000000156e+01 7.900000000000000355e-01 3.189999999999999947e+00
-7.100000000000000000e+01 -3.119000000000000128e+01 4.339999999999999858e+00 3.250000000000000000e+00
-7.068999999999999773e+01 -2.903000000000000114e+01 5.750000000000000000e+00 2.560000000000000053e+00
-7.145999999999999375e+01 -3.139999999999999858e+01 -5.699999999999999512e-01 4.580000000000000071e+00
-7.240999999999999659e+01 -3.532999999999999829e+01 1.560000000000000053e+00 3.720000000000000195e+00
-7.140999999999999659e+01 -2.910000000000000142e+01 -3.479999999999999982e+00 2.790000000000000036e+00
-7.065999999999999659e+01 -3.346000000000000085e+01 4.040000000000000036e+00 7.889999999999999680e+00
-7.165999999999999659e+01 -3.114999999999999858e+01 -3.330000000000000071e+00 3.589999999999999858e+00
-7.009000000000000341e+01 -2.998000000000000043e+01 4.530000000000000249e+00 5.360000000000000320e+00
-7.137999999999999545e+01 -3.739000000000000057e+01 2.819999999999999840e+00 5.139999999999999680e+00
-7.057999999999999829e+01 -3.284000000000000341e+01 4.400000000000000355e+00 3.410000000000000142e+00
-7.135999999999999943e+01 -3.846000000000000085e+01 3.200000000000000178e+00 5.019999999999999574e+00
-7.125000000000000000e+01 -2.991000000000000014e+01 -1.669999999999999929e+00 4.400000000000000355e+00
-7.151000000000000512e+01 -3.191000000000000014e+01 1.540000000000000036e+00 4.299999999999999822e+00
-7.081999999999999318e+01 -3.581000000000000227e+01 6.300000000000000044e-01 6.700000000000000178e+00
-7.120000000000000284e+01 -3.060000000000000142e+01 -7.700000000000000178e-01 5.820000000000000284e+00
-7.068999999999999773e+01 -3.083999999999999986e+01 3.209999999999999964e+00 3.890000000000000124e+00
-7.164000000000000057e+01 -3.067999999999999972e+01 -1.330000000000000071e+00 4.259999999999999787e+00
-7.012999999999999545e+01 -3.284000000000000341e+01 6.730000000000000426e+00 4.389999999999999680e+00
-7.160999999999999943e+01 -3.364999999999999858e+01 6.999999999999999556e-01 3.089999999999999858e+00
-7.101999999999999602e+01 -3.297999999999999687e+01 4.809999999999999609e+00 2.859999999999999876e+00
-7.101999999999999602e+01 -3.297999999999999687e+01 4.759999999999999787e+00 2.859999999999999876e+00
-7.067000000000000171e+01 -3.314999999999999858e+01 4.559999999999999609e+00 3.520000000000000018e+00
-7.073999999999999488e+01 -2.925000000000000000e+01 1.629999999999999893e+00 2.689999999999999947e+00
-7.173000000000000398e+01 -3.559000000000000341e+01 5.750000000000000000e+00 5.490000000000000213e+00
-7.095999999999999375e+01 -3.178000000000000114e+01 4.969999999999999751e+00 4.009999999999999787e+00
-7.081000000000000227e+01 -3.017000000000000171e+01 7.240000000000000213e+00 4.120000000000000107e+00
-7.234000000000000341e+01 -3.746999999999999886e+01 -8.900000000000000133e-01 4.009999999999999787e+00
-7.076000000000000512e+01 -2.857000000000000028e+01 2.509999999999999787e+00 3.069999999999999840e+00
-7.164000000000000057e+01 -3.303000000000000114e+01 7.500000000000000000e-01 4.830000000000000071e+00
-7.162999999999999545e+01 -3.303000000000000114e+01 -1.360000000000000098e+00 4.519999999999999574e+00
-7.025000000000000000e+01 -3.335000000000000142e+01 2.270000000000000018e+00 4.990000000000000213e+00
-6.823000000000000398e+01 -3.160000000000000142e+01 -8.999999999999999667e-02 4.290000000000000036e+00
-6.929999999999999716e+01 -3.178999999999999915e+01 -3.300000000000000155e-01 3.479999999999999982e+00
-6.887999999999999545e+01 -3.289999999999999858e+01 3.699999999999999956e-01 4.179999999999999716e+00
-6.815000000000000568e+01 -3.325999999999999801e+01 3.750000000000000000e+00 5.919999999999999929e+00
-6.832999999999999829e+01 -3.461999999999999744e+01 2.500000000000000000e+00 3.509999999999999787e+00
-6.857999999999999829e+01 -3.153999999999999915e+01 -4.299999999999999933e-01 3.680000000000000160e+00
-6.929000000000000625e+01 -3.180000000000000071e+01 6.349999999999999645e+00 5.639999999999999680e+00
